   1.0000000e+02   0.0000000e+00
   1.2998520e+02   0.0000000e+00
   1.3046730e+02   7.8469850e+00
   1.3094940e+02   2.9409480e+00
   1.3143160e+02   2.9461700e-01
   1.3191370e+02   8.2206420e+00
   1.3239580e+02   1.9215940e+01
   1.3287790e+02   3.6504390e+01
   1.3336000e+02   6.3359560e+01
   1.3384210e+02   9.8761470e+01
   1.3432430e+02   1.4127560e+02
   1.3480640e+02   1.9247390e+02
   1.3528850e+02   2.5090090e+02
   1.3577060e+02   3.0806410e+02
   1.3625270e+02   3.6305870e+02
   1.3673480e+02   4.1617530e+02
   1.3721700e+02   4.6713440e+02
   1.3769910e+02   5.1639380e+02
   1.3818120e+02   5.6390750e+02
   1.3866330e+02   6.1031540e+02
   1.3914540e+02   6.5625540e+02
   1.3962750e+02   6.9727410e+02
   1.4010970e+02   7.3094290e+02
   1.4059180e+02   7.5875540e+02
   1.4107390e+02   7.8850480e+02
   1.4155600e+02   8.1958310e+02
   1.4203810e+02   8.5301560e+02
   1.4252020e+02   8.9040010e+02
   1.4300230e+02   9.3228770e+02
   1.4348450e+02   9.7577850e+02
   1.4396660e+02   1.0199380e+03
   1.4444870e+02   1.0650990e+03
   1.4493080e+02   1.1120220e+03
   1.4541290e+02   1.1608250e+03
   1.4589510e+02   1.2113480e+03
   1.4637720e+02   1.2644700e+03
   1.4685930e+02   1.3174510e+03
   1.4734140e+02   1.3763490e+03
   1.4782350e+02   1.4410510e+03
   1.4830560e+02   1.5111590e+03
   1.4878780e+02   1.5906760e+03
   1.4926990e+02   1.6802280e+03
   1.4975200e+02   1.7798390e+03
   1.5023410e+02   1.8878550e+03
   1.5071620e+02   1.9984850e+03
   1.5119830e+02   2.1248800e+03
   1.5168050e+02   2.2726730e+03
   1.5216260e+02   2.4451020e+03
   1.5264470e+02   2.6268100e+03
   1.5312680e+02   2.8305380e+03
   1.5360890e+02   3.0433370e+03
   1.5409100e+02   3.2427560e+03
   1.5457320e+02   3.4674570e+03
   1.5505530e+02   3.6455880e+03
   1.5553740e+02   3.7587270e+03
   1.5601950e+02   3.8185650e+03
   1.5650160e+02   3.7868280e+03
   1.5698370e+02   3.6347740e+03
   1.5746590e+02   3.3896680e+03
   1.5794800e+02   3.1069470e+03
   1.5843010e+02   2.7600900e+03
   1.5891220e+02   2.4119680e+03
   1.5939430e+02   2.0904320e+03
   1.5987640e+02   1.7931780e+03
   1.6035860e+02   1.5304900e+03
   1.6084070e+02   1.3090240e+03
   1.6132280e+02   1.1250000e+03
   1.6180490e+02   9.6780860e+02
   1.6228700e+02   8.4067800e+02
   1.6276910e+02   7.3424220e+02
   1.6325130e+02   6.4355130e+02
   1.6373340e+02   5.7090560e+02
   1.6421550e+02   5.0724790e+02
   1.6469760e+02   4.5235750e+02
   1.6517970e+02   4.0377430e+02
   1.6566180e+02   3.5870300e+02
   1.6614400e+02   3.1769530e+02
   1.6662610e+02   2.8090710e+02
   1.6710820e+02   2.4848250e+02
   1.6759030e+02   2.2079390e+02
   1.6807240e+02   1.9733170e+02
   1.6855450e+02   1.7913800e+02
   1.6903670e+02   1.6559510e+02
   1.6951880e+02   1.5291000e+02
   1.7000090e+02   1.3841860e+02
   1.7048300e+02   1.2381140e+02
   1.7096510e+02   1.1059990e+02
   1.7144720e+02   9.9713320e+01
   1.7192930e+02   9.0080600e+01
   1.7241150e+02   8.1108030e+01
   1.7289360e+02   7.2761200e+01
   1.7337570e+02   6.4600740e+01
   1.7385780e+02   5.6131260e+01
   1.7433990e+02   4.7765620e+01
   1.7482200e+02   4.0038570e+01
   1.7530420e+02   3.3070920e+01
   1.7578630e+02   2.6895050e+01
   1.7626840e+02   2.1413790e+01
   1.7675050e+02   1.6621550e+01
   1.7723260e+02   1.2605290e+01
   1.7771470e+02   9.0444340e+00
   1.7819690e+02   6.3069150e+00
   1.7867900e+02   5.2932130e+00
   1.7916110e+02   8.8753050e+00
   1.7964320e+02   1.3484770e+01
   1.8012530e+02   1.2877960e+01
   1.8060740e+02   6.7942500e+00
   1.8108960e+02   2.2705000e-02
   1.8157170e+02   2.1474000e+00
   1.8205380e+02   9.6466100e-01
   1.8253590e+02   4.7149700e-01
   1.8301800e+02   3.0737610e+00
   1.8350010e+02   7.4390260e+00
   1.8398230e+02   1.1006200e+01
   1.8446440e+02   1.3750460e+01
   1.8494650e+02   1.5555940e+01
   1.8542860e+02   1.5229680e+01
   1.8591070e+02   1.3337310e+01
   1.8639280e+02   1.2826230e+01
   1.8687500e+02   1.6308840e+01
   1.8735710e+02   2.2264590e+01
   1.8783920e+02   2.5759370e+01
   1.8832130e+02   2.6671970e+01
   1.8880340e+02   2.6052860e+01
   1.8928550e+02   2.4848210e+01
   1.8976770e+02   2.3249210e+01
   1.9024980e+02   2.1936770e+01
   1.9073190e+02   2.1371000e+01
   1.9121400e+02   2.1432800e+01
   1.9169610e+02   2.1505710e+01
   1.9217820e+02   2.1625820e+01
   1.9266040e+02   2.1631840e+01
   1.9314250e+02   2.1262730e+01
   1.9362460e+02   2.0521820e+01
   1.9410670e+02   1.9545810e+01
   1.9458880e+02   1.8216430e+01
   1.9507090e+02   1.6598720e+01
   1.9555310e+02   1.5535710e+01
   1.9603520e+02   1.5283420e+01
   1.9651730e+02   1.5090480e+01
   1.9699940e+02   1.3211270e+01
   1.9748150e+02   9.4511410e+00
   1.9796360e+02   6.5164490e+00
   1.9844580e+02   6.6334530e+00
   1.9892790e+02   9.8425290e+00
   1.9941000e+02   1.0264280e+01
   1.9989210e+02   7.1328740e+00
   2.0037420e+02   2.1903080e+00
   2.0085630e+02   1.4403690e+00
   2.0133850e+02   3.6479800e+00
   2.0182060e+02   5.3370970e+00
   2.0230270e+02   6.8216250e+00
   2.0278480e+02   8.0746150e+00
   2.0326690e+02   9.5196530e+00
   2.0374900e+02   1.1271330e+01
   2.0423110e+02   1.3102940e+01
   2.0471330e+02   1.4486940e+01
   2.0519540e+02   1.5322330e+01
   2.0567750e+02   1.6147520e+01
   2.0615960e+02   1.7220250e+01
   2.0664170e+02   1.8567960e+01
   2.0712380e+02   2.0014980e+01
   2.0760600e+02   2.1557430e+01
   2.0808810e+02   2.3205050e+01
   2.0857020e+02   2.4904850e+01
   2.0905230e+02   2.6545200e+01
   2.0953440e+02   2.8577000e+01
   2.1001650e+02   3.1556370e+01
   2.1049870e+02   3.5982270e+01
   2.1098080e+02   3.8905550e+01
   2.1146290e+02   3.9820370e+01
   2.1194500e+02   3.9515110e+01
   2.1242710e+02   3.9590090e+01
   2.1290920e+02   3.9796360e+01
   2.1339140e+02   4.0992980e+01
   2.1387350e+02   4.4178280e+01
   2.1435560e+02   5.0458160e+01
   2.1483770e+02   5.4255490e+01
   2.1531980e+02   5.4712310e+01
   2.1580190e+02   5.3019130e+01
   2.1628410e+02   5.1757810e+01
   2.1676620e+02   5.0417600e+01
   2.1724830e+02   5.0544040e+01
   2.1773040e+02   5.3378720e+01
   2.1821250e+02   6.0249880e+01
   2.1869460e+02   6.5457430e+01
   2.1917680e+02   6.8416080e+01
   2.1965890e+02   6.9867650e+01
   2.2014100e+02   7.1685210e+01
   2.2062310e+02   7.3850220e+01
   2.2110520e+02   7.6436490e+01
   2.2158730e+02   7.9719510e+01
   2.2206950e+02   8.4313480e+01
   2.2255160e+02   8.7719390e+01
   2.2303370e+02   8.9464720e+01
   2.2351580e+02   9.0184050e+01
   2.2399790e+02   9.1482570e+01
   2.2448000e+02   9.3448580e+01
   2.2496220e+02   9.5816160e+01
   2.2544430e+02   9.8446990e+01
   2.2592640e+02   1.0135430e+02
   2.2640850e+02   1.0453230e+02
   2.2689060e+02   1.0796280e+02
   2.2737270e+02   1.1167010e+02
   2.2785490e+02   1.1596630e+02
   2.2833700e+02   1.2113500e+02
   2.2881910e+02   1.2636290e+02
   2.2930120e+02   1.3141750e+02
   2.2978330e+02   1.3633570e+02
   2.3026540e+02   1.4079210e+02
   2.3074760e+02   1.4422660e+02
   2.3122970e+02   1.4739470e+02
   2.3171180e+02   1.5202960e+02
   2.3219390e+02   1.5855320e+02
   2.3267600e+02   1.6584250e+02
   2.3315810e+02   1.7367930e+02
   2.3364020e+02   1.8241800e+02
   2.3412240e+02   1.9056670e+02
   2.3460450e+02   1.9808730e+02
   2.3508660e+02   2.0507800e+02
   2.3556870e+02   2.1145220e+02
   2.3605080e+02   2.1576190e+02
   2.3653290e+02   2.2183840e+02
   2.3701510e+02   2.3173610e+02
   2.3749720e+02   2.4733730e+02
   2.3797930e+02   2.6073130e+02
   2.3846140e+02   2.7074370e+02
   2.3894350e+02   2.7879820e+02
   2.3942560e+02   2.8836650e+02
   2.3990780e+02   2.9988390e+02
   2.4038990e+02   3.1255330e+02
   2.4087200e+02   3.2632560e+02
   2.4135410e+02   3.4203700e+02
   2.4183620e+02   3.5528080e+02
   2.4231830e+02   3.6456540e+02
   2.4280050e+02   3.7247140e+02
   2.4328260e+02   3.8372740e+02
   2.4376470e+02   3.9947090e+02
   2.4424680e+02   4.1665220e+02
   2.4472890e+02   4.3426600e+02
   2.4521100e+02   4.5233780e+02
   2.4569320e+02   4.6995310e+02
   2.4617530e+02   4.8618610e+02
   2.4665740e+02   5.0292080e+02
   2.4713950e+02   5.2323960e+02
   2.4762160e+02   5.4838660e+02
   2.4810370e+02   5.7451160e+02
   2.4858590e+02   6.0012400e+02
   2.4906800e+02   6.2421150e+02
   2.4955010e+02   6.5167730e+02
   2.5003220e+02   6.8326150e+02
   2.5051430e+02   7.1761590e+02
   2.5099640e+02   7.5285990e+02
   2.5147860e+02   7.8845700e+02
   2.5196070e+02   8.2607920e+02
   2.5244280e+02   8.6623360e+02
   2.5292490e+02   9.0834000e+02
   2.5340700e+02   9.5478320e+02
   2.5388910e+02   1.0057410e+03
   2.5437130e+02   1.0607650e+03
   2.5485340e+02   1.1194430e+03
   2.5533550e+02   1.1805080e+03
   2.5581760e+02   1.2470500e+03
   2.5629970e+02   1.3199330e+03
   2.5678180e+02   1.3982480e+03
   2.5726390e+02   1.4837120e+03
   2.5774610e+02   1.5760430e+03
   2.5822820e+02   1.6768690e+03
   2.5871030e+02   1.7860860e+03
   2.5919240e+02   1.9033720e+03
   2.5967450e+02   2.0318100e+03
   2.6015660e+02   2.1692880e+03
   2.6063880e+02   2.3175310e+03
   2.6112090e+02   2.4762570e+03
   2.6160300e+02   2.6463330e+03
   2.6208510e+02   2.8279120e+03
   2.6256720e+02   3.0208920e+03
   2.6304930e+02   3.2324210e+03
   2.6353150e+02   3.4415170e+03
   2.6401360e+02   3.6452520e+03
   2.6449570e+02   3.8429510e+03
   2.6497780e+02   4.0370480e+03
   2.6545990e+02   4.2250480e+03
   2.6594200e+02   4.4110840e+03
   2.6642420e+02   4.5965650e+03
   2.6690630e+02   4.7854140e+03
   2.6738840e+02   4.9662350e+03
   2.6787050e+02   5.1345180e+03
   2.6835260e+02   5.2928960e+03
   2.6883470e+02   5.4604530e+03
   2.6931690e+02   5.6392610e+03
   2.6979900e+02   5.8197210e+03
   2.7028110e+02   5.9958960e+03
   2.7076320e+02   6.1641460e+03
   2.7124530e+02   6.3384950e+03
   2.7172740e+02   6.5222620e+03
   2.7220960e+02   6.7132060e+03
   2.7269170e+02   6.9106670e+03
   2.7317380e+02   7.1147920e+03
   2.7365590e+02   7.3304810e+03
   2.7413800e+02   7.5611980e+03
   2.7462010e+02   7.8102710e+03
   2.7510230e+02   8.0659660e+03
   2.7558440e+02   8.3265220e+03
   2.7606650e+02   8.5929230e+03
   2.7654860e+02   8.8805170e+03
   2.7703070e+02   9.1906030e+03
   2.7751280e+02   9.5109100e+03
   2.7799500e+02   9.8400280e+03
   2.7847710e+02   1.0179620e+04
   2.7895920e+02   1.0510140e+04
   2.7944130e+02   1.0842780e+04
   2.7992340e+02   1.1155860e+04
   2.8040550e+02   1.1420190e+04
   2.8088770e+02   1.1642770e+04
   2.8136980e+02   1.1778170e+04
   2.8185190e+02   1.1812240e+04
   2.8233400e+02   1.1744890e+04
   2.8281610e+02   1.1556740e+04
   2.8329820e+02   1.1242930e+04
   2.8378040e+02   1.0817270e+04
   2.8426250e+02   1.0287070e+04
   2.8474460e+02   9.6481040e+03
   2.8522670e+02   8.9710220e+03
   2.8570880e+02   8.2629820e+03
   2.8619090e+02   7.5332950e+03
   2.8667310e+02   6.8437850e+03
   2.8715520e+02   6.1928630e+03
   2.8763730e+02   5.5863370e+03
   2.8811940e+02   5.0399990e+03
   2.8860150e+02   4.5506700e+03
   2.8908360e+02   4.1096800e+03
   2.8956580e+02   3.7179200e+03
   2.9004790e+02   3.3719000e+03
   2.9053000e+02   3.0604210e+03
   2.9101210e+02   2.7867570e+03
   2.9149420e+02   2.5428320e+03
   2.9197630e+02   2.3247390e+03
   2.9245850e+02   2.1330290e+03
   2.9294060e+02   1.9588120e+03
   2.9342270e+02   1.8028670e+03
   2.9390480e+02   1.6630810e+03
   2.9438690e+02   1.5378600e+03
   2.9486900e+02   1.4267970e+03
   2.9535120e+02   1.3270030e+03
   2.9583330e+02   1.2363840e+03
   2.9631540e+02   1.1546370e+03
   2.9679750e+02   1.0773300e+03
   2.9727960e+02   1.0037180e+03
   2.9776170e+02   9.3568130e+02
   2.9824390e+02   8.7828570e+02
   2.9872600e+02   8.3129180e+02
   2.9920810e+02   7.8785770e+02
   2.9969020e+02   7.4272610e+02
   3.0017230e+02   6.9840190e+02
   3.0065440e+02   6.5843560e+02
   3.0113660e+02   6.2455820e+02
   3.0161870e+02   5.9337430e+02
   3.0210080e+02   5.5973740e+02
   3.0258290e+02   5.2521260e+02
   3.0306500e+02   4.9434790e+02
   3.0354710e+02   4.7258130e+02
   3.0402930e+02   4.5549260e+02
   3.0451140e+02   4.3658100e+02
   3.0499350e+02   4.1474440e+02
   3.0547560e+02   3.9282310e+02
   3.0595770e+02   3.7260190e+02
   3.0643980e+02   3.5403710e+02
   3.0692200e+02   3.3686480e+02
   3.0740410e+02   3.2170710e+02
   3.0788620e+02   3.0738210e+02
   3.0836830e+02   2.9157450e+02
   3.0885040e+02   2.7425730e+02
   3.0933260e+02   2.5842240e+02
   3.0981470e+02   2.4794920e+02
   3.1029680e+02   2.4035410e+02
   3.1077890e+02   2.3174520e+02
   3.1126100e+02   2.1920980e+02
   3.1174310e+02   2.0618480e+02
   3.1222520e+02   1.9516960e+02
   3.1270730e+02   1.8613330e+02
   3.1318950e+02   1.7784880e+02
   3.1367160e+02   1.7007370e+02
   3.1415370e+02   1.6251570e+02
   3.1463580e+02   1.5505090e+02
   3.1511790e+02   1.4699420e+02
   3.1560000e+02   1.3937910e+02
   3.1608220e+02   1.3307230e+02
   3.1656430e+02   1.2786830e+02
   3.1704640e+02   1.2255540e+02
   3.1752850e+02   1.1629080e+02
   3.1801060e+02   1.0988650e+02
   3.1849270e+02   1.0391330e+02
   3.1897490e+02   9.8346800e+01
   3.1945700e+02   9.3315310e+01
   3.1993910e+02   8.9073330e+01
   3.2042120e+02   8.5417510e+01
   3.2090330e+02   8.1756200e+01
   3.2138540e+02   7.7995150e+01
   3.2186760e+02   7.4152560e+01
   3.2234970e+02   7.0290830e+01
   3.2283180e+02   6.6656680e+01
   3.2331390e+02   6.2389680e+01
   3.2379600e+02   5.6108890e+01
   3.2427810e+02   4.9365570e+01
   3.2476030e+02   4.4295140e+01
   3.2524240e+02   4.3192750e+01
   3.2572450e+02   4.2107150e+01
   3.2620660e+02   3.9925450e+01
   3.2668870e+02   3.6420590e+01
   3.2717080e+02   3.2588100e+01
   3.2765300e+02   2.6706880e+01
   3.2813510e+02   2.1323790e+01
   3.2861720e+02   1.8716640e+01
   3.2909930e+02   2.3510380e+01
   3.2958140e+02   2.6208740e+01
   3.3006350e+02   2.4515200e+01
   3.3054570e+02   1.8567720e+01
   3.3102780e+02   1.4481080e+01
   3.3150990e+02   1.3357940e+01
   3.3199200e+02   1.3338170e+01
   3.3247410e+02   1.3313480e+01
   3.3295620e+02   1.3272830e+01
   3.3343840e+02   1.3077970e+01
   3.3392050e+02   1.2657010e+01
   3.3440260e+02   1.1897460e+01
   3.3488470e+02   1.0680940e+01
   3.3536680e+02   8.6939090e+00
   3.3584890e+02   6.8699650e+00
   3.3633110e+02   5.8998410e+00
   3.3681320e+02   6.6608280e+00
   3.3729530e+02   5.7213130e+00
   3.3777740e+02   2.0864560e+00
   3.3825950e+02   2.5829470e+00
   3.3874160e+02   4.7186580e+00
   3.3922380e+02   3.5936580e+00
   3.3970590e+02   2.0802920e+00
   3.4018800e+02   1.2517400e+00
   3.4067010e+02   1.1891780e+00
   3.4115220e+02   6.8829300e-01
   3.4163430e+02   5.7553100e-01
   3.4211650e+02   1.7886350e+00
   3.4259860e+02   1.7875060e+00
   3.4308070e+02   3.7011700e-01
   3.4356280e+02   1.5077820e+00
   3.4404490e+02   3.7813110e+00
   3.4452700e+02   6.1268620e+00
   3.4500920e+02   7.6469730e+00
   3.4549130e+02   8.4053960e+00
   3.4597340e+02   8.6101070e+00
   3.4645550e+02   8.0100710e+00
   3.4693760e+02   6.6894840e+00
   3.4741970e+02   5.7052610e+00
   3.4790190e+02   5.3348390e+00
   3.4838400e+02   5.2699280e+00
   3.4886610e+02   5.1735230e+00
   3.4934820e+02   5.0386350e+00
   3.4983030e+02   4.4695740e+00
   3.5031240e+02   2.2252200e+00
   3.5079460e+02   6.6372700e-01
   3.5127670e+02   1.0657350e+00
   3.5175880e+02   1.7792660e+00
   3.5224090e+02   5.2401730e+00
   3.5272300e+02   6.5582890e+00
   3.5320510e+02   6.0843510e+00
   3.5368730e+02   4.8130800e+00
   3.5416940e+02   1.4247440e+00
   3.5465150e+02   1.7253420e+00
   3.5513360e+02   4.2141700e-01
   3.5561570e+02   5.5603030e+00
   3.5609780e+02   1.0773010e+01
   3.5658000e+02   9.8887940e+00
   3.5706210e+02   5.7480160e+00
   3.5754420e+02   2.5808720e+00
   3.5802630e+02   2.3950810e+00
   3.5850840e+02   3.1602170e+00
   3.5899050e+02   3.6966860e+00
   3.5947270e+02   4.0370480e+00
   3.5995480e+02   4.1521000e+00
   3.6043690e+02   3.9284060e+00
   3.6091900e+02   3.4952700e+00
   3.6140110e+02   2.8703000e+00
   3.6188320e+02   1.7240910e+00
   3.6236540e+02   1.0228580e+00
   3.6284750e+02   1.8559570e+00
   3.6332960e+02   3.5139160e+00
   3.6381170e+02   4.3789060e+00
   3.6429380e+02   3.2753910e+00
   3.6477590e+02   1.7120360e+00
   3.6525810e+02   1.4447000e-01
   3.6574020e+02   1.5969540e+00
   3.6622230e+02   2.3220210e+00
   3.6670440e+02   7.3403900e-01
   3.6718650e+02   1.5899660e+00
   3.6766860e+02   2.9436340e+00
   3.6815080e+02   2.5205080e+00
   3.6863290e+02   1.7583920e+00
   3.6911500e+02   6.9705200e-01
   3.6959710e+02   6.7242400e-01
   3.7007920e+02   1.5622250e+00
   3.7056130e+02   1.9928280e+00
   3.7104350e+02   1.9339600e+00
   3.7152560e+02   1.2737430e+00
   3.7200770e+02   1.3937680e+00
   3.7248980e+02   2.4425660e+00
   3.7297190e+02   1.1281430e+00
   3.7345400e+02   1.8444820e+00
   3.7393610e+02   4.3336180e+00
   3.7441820e+02   6.3644100e+00
   3.7490040e+02   7.8501890e+00
   3.7538250e+02   8.6508790e+00
   3.7586460e+02   8.5795590e+00
   3.7634670e+02   8.7170100e+00
   3.7682880e+02   9.3475950e+00
   3.7731090e+02   9.8399350e+00
   3.7779310e+02   8.9826970e+00
   3.7827520e+02   6.3312680e+00
   3.7875730e+02   4.2974550e+00
   3.7923940e+02   3.7529300e+00
   3.7972150e+02   4.4644470e+00
   3.8020360e+02   4.6537480e+00
   3.8068580e+02   4.2422180e+00
   3.8116790e+02   3.7469790e+00
   3.8165000e+02   3.8764340e+00
   3.8213210e+02   4.5341800e+00
   3.8261420e+02   4.4624940e+00
   3.8309630e+02   3.1679530e+00
   3.8357850e+02   1.4094850e+00
   3.8406060e+02   5.2313200e-01
   3.8454270e+02   5.0740100e-01
   3.8502480e+02   1.0065460e+00
   3.8550690e+02   2.2427520e+00
   3.8598900e+02   3.8070980e+00
   3.8647120e+02   4.5962370e+00
   3.8695330e+02   4.4156190e+00
   3.8743540e+02   4.0961460e+00
   3.8791750e+02   5.0391240e+00
   3.8839960e+02   6.5614010e+00
   3.8888170e+02   7.1033480e+00
   3.8936390e+02   4.9430540e+00
   3.8984600e+02   2.1091310e+00
   3.9032810e+02   3.2119800e-01
   3.9081020e+02   3.8136300e-01
   3.9129230e+02   2.3224000e-02
   3.9177440e+02   2.4901430e+00
   3.9225660e+02   5.6712040e+00
   3.9273870e+02   8.2189790e+00
   3.9322080e+02   1.0107700e+01
   3.9370290e+02   1.0814790e+01
   3.9418500e+02   9.0980830e+00
   3.9466710e+02   5.8864440e+00
   3.9514930e+02   3.6264340e+00
   3.9563140e+02   3.9123540e+00
   3.9611350e+02   4.8549040e+00
   3.9659560e+02   5.4369810e+00
   3.9707770e+02   5.4373470e+00
   3.9755980e+02   5.8369750e+00
   3.9804200e+02   7.6530760e+00
   3.9852410e+02   9.6896060e+00
   3.9900620e+02   1.0560590e+01
   3.9948830e+02   7.9469450e+00
   3.9997040e+02   6.3206480e+00
   4.0045250e+02   7.4513400e+00
   4.0093470e+02   1.1229250e+01
   4.0141680e+02   1.2987760e+01
   4.0189890e+02   1.0716290e+01
   4.0238100e+02   8.1736600e+00
   4.0286310e+02   7.7443850e+00
   4.0334520e+02   1.1212340e+01
   4.0382740e+02   1.3345700e+01
   4.0430950e+02   1.3559100e+01
   4.0479160e+02   1.2540650e+01
   4.0527370e+02   1.1642090e+01
   4.0575580e+02   1.0629760e+01
   4.0623790e+02   1.0263430e+01
   4.0672010e+02   1.1120640e+01
   4.0720220e+02   1.3290500e+01
   4.0768430e+02   1.4537640e+01
   4.0816640e+02   1.4777950e+01
   4.0864850e+02   1.4455410e+01
   4.0913060e+02   1.3727840e+01
   4.0961280e+02   1.2545820e+01
   4.1009490e+02   1.2061510e+01
   4.1057700e+02   1.2895140e+01
   4.1105910e+02   1.4541340e+01
   4.1154120e+02   1.5633090e+01
   4.1202330e+02   1.6240460e+01
   4.1250550e+02   1.6428830e+01
   4.1298760e+02   1.6147340e+01
   4.1346970e+02   1.5296300e+01
   4.1395180e+02   1.3960510e+01
   4.1443390e+02   1.2388600e+01
   4.1491600e+02   1.1122410e+01
   4.1539820e+02   1.0024930e+01
   4.1588030e+02   9.3585210e+00
   4.1636240e+02   9.9737700e+00
   4.1684450e+02   1.4576870e+01
   4.1732660e+02   1.9242540e+01
   4.1780870e+02   1.9539490e+01
   4.1829090e+02   1.5661590e+01
   4.1877300e+02   1.1633420e+01
   4.1925510e+02   8.9146270e+00
   4.1973720e+02   7.7821660e+00
   4.2021930e+02   8.7975310e+00
   4.2070140e+02   1.4100710e+01
   4.2118360e+02   1.8320300e+01
   4.2166570e+02   1.8350110e+01
   4.2214780e+02   1.5681200e+01
   4.2262990e+02   1.3636610e+01
   4.2311200e+02   1.4099460e+01
   4.2359410e+02   1.4628800e+01
   4.2407630e+02   1.3774380e+01
   4.2455840e+02   1.0747940e+01
   4.2504050e+02   9.0811310e+00
   4.2552260e+02   1.0313520e+01
   4.2600470e+02   1.2693340e+01
   4.2648680e+02   1.4463090e+01
   4.2696900e+02   1.5514140e+01
   4.2745110e+02   1.6113890e+01
   4.2793320e+02   1.6078830e+01
   4.2841530e+02   1.5511890e+01
   4.2889740e+02   1.5027150e+01
   4.2937950e+02   1.4436390e+01
   4.2986170e+02   1.4079940e+01
   4.3034380e+02   1.4371140e+01
   4.3082590e+02   1.5733440e+01
   4.3130800e+02   1.6906420e+01
   4.3179010e+02   1.7809980e+01
   4.3227220e+02   1.8339170e+01
   4.3275440e+02   1.8480130e+01
   4.3323650e+02   1.8270140e+01
   4.3371860e+02   1.7261320e+01
   4.3420070e+02   1.4893400e+01
   4.3468280e+02   1.1689480e+01
   4.3516490e+02   9.5511780e+00
   4.3564700e+02   8.4847870e+00
   4.3612920e+02   8.4116210e+00
   4.3661130e+02   9.6023410e+00
   4.3709340e+02   1.1793180e+01
   4.3757550e+02   1.4121870e+01
   4.3805760e+02   1.6695620e+01
   4.3853970e+02   1.8821790e+01
   4.3902190e+02   1.9442900e+01
   4.3950400e+02   1.8902910e+01
   4.3998610e+02   1.8182330e+01
   4.4046820e+02   1.7673870e+01
   4.4095030e+02   1.7168810e+01
   4.4143240e+02   1.6458130e+01
   4.4191460e+02   1.5575200e+01
   4.4239670e+02   1.4729280e+01
   4.4287880e+02   1.3892090e+01
   4.4336090e+02   1.3286250e+01
   4.4384300e+02   1.3150340e+01
   4.4432510e+02   1.4003100e+01
   4.4480730e+02   1.4576690e+01
   4.4528940e+02   1.4075290e+01
   4.4577150e+02   1.2990710e+01
   4.4625360e+02   1.2477620e+01
   4.4673570e+02   1.3578280e+01
   4.4721780e+02   1.4460880e+01
   4.4770000e+02   1.4241930e+01
   4.4818210e+02   1.2549730e+01
   4.4866420e+02   1.1253710e+01
   4.4914630e+02   1.0768040e+01
   4.4962840e+02   1.0683760e+01
   4.5011050e+02   1.0467010e+01
   4.5059270e+02   9.4891820e+00
   4.5107480e+02   9.3572540e+00
   4.5155690e+02   1.0690670e+01
   4.5203900e+02   1.2912190e+01
   4.5252110e+02   1.3779430e+01
   4.5300320e+02   1.2959300e+01
   4.5348540e+02   1.1790890e+01
   4.5396750e+02   1.1075970e+01
   4.5444960e+02   1.0868190e+01
   4.5493170e+02   9.5970000e+00
   4.5541380e+02   6.9334720e+00
   4.5589590e+02   4.2706150e+00
   4.5637810e+02   3.2030180e+00
   4.5686020e+02   3.6177980e+00
   4.5734230e+02   4.9935610e+00
   4.5782440e+02   7.9111630e+00
   4.5830650e+02   1.1196900e+01
   4.5878860e+02   1.2220170e+01
   4.5927080e+02   1.1096570e+01
   4.5975290e+02   9.3224950e+00
   4.6023500e+02   7.2399290e+00
   4.6071710e+02   5.4216000e+00
   4.6119920e+02   4.8492890e+00
   4.6168130e+02   5.7460330e+00
   4.6216350e+02   6.8945770e+00
   4.6264560e+02   7.4898830e+00
   4.6312770e+02   7.7282870e+00
   4.6360980e+02   7.9165950e+00
   4.6409190e+02   8.3702090e+00
   4.6457400e+02   8.6690220e+00
   4.6505620e+02   8.5258790e+00
   4.6553830e+02   7.9807280e+00
   4.6602040e+02   7.4517360e+00
   4.6650250e+02   7.1018070e+00
   4.6698460e+02   6.7553710e+00
   4.6746670e+02   6.2940220e+00
   4.6794890e+02   5.5683290e+00
   4.6843100e+02   5.0596470e+00
   4.6891310e+02   4.6230470e+00
   4.6939520e+02   4.4895020e+00
   4.6987730e+02   5.0589750e+00
   4.7035940e+02   6.9000550e+00
   4.7084160e+02   8.3950040e+00
   4.7132370e+02   9.4131010e+00
   4.7180580e+02   9.8988950e+00
   4.7228790e+02   9.1244510e+00
   4.7277000e+02   6.4663240e+00
   4.7325210e+02   4.0792390e+00
   4.7373430e+02   3.8538060e+00
   4.7421640e+02   6.0348510e+00
   4.7469850e+02   6.4764400e+00
   4.7518060e+02   4.4525910e+00
   4.7566270e+02   1.7813870e+00
   4.7614480e+02   9.2465200e-01
   4.7662700e+02   1.6969450e+00
   4.7710910e+02   3.3851620e+00
   4.7759120e+02   6.7892300e+00
   4.7807330e+02   1.0341890e+01
   4.7855540e+02   1.0400310e+01
   4.7903750e+02   7.2592160e+00
   4.7951970e+02   4.2328030e+00
   4.8000180e+02   3.7684780e+00
   4.8048390e+02   4.6011960e+00
   4.8096600e+02   5.4177250e+00
   4.8144810e+02   6.0148620e+00
   4.8193020e+02   6.5710910e+00
   4.8241240e+02   6.9969640e+00
   4.8289450e+02   7.4787600e+00
   4.8337660e+02   8.3348690e+00
   4.8385870e+02   1.0398440e+01
   4.8434080e+02   1.2151180e+01
   4.8482290e+02   1.3160780e+01
   4.8530510e+02   1.3387450e+01
   4.8578720e+02   1.2698840e+01
   4.8626930e+02   9.6967770e+00
   4.8675140e+02   6.8378140e+00
   4.8723350e+02   5.5795290e+00
   4.8771560e+02   7.1770780e+00
   4.8819780e+02   7.4625850e+00
   4.8867990e+02   5.3970030e+00
   4.8916200e+02   2.7124940e+00
   4.8964410e+02   1.8216250e+00
   4.9012620e+02   3.4788970e+00
   4.9060830e+02   4.9614410e+00
   4.9109050e+02   5.6554570e+00
   4.9157260e+02   5.7249300e+00
   4.9205470e+02   6.1735530e+00
   4.9253680e+02   7.2109380e+00
   4.9301890e+02   7.4055790e+00
   4.9350100e+02   4.8619690e+00
   4.9398320e+02   2.6115400e-01
   4.9446530e+02   1.5188290e+00
   4.9494740e+02   1.1775200e-01
   4.9542950e+02   2.8070370e+00
   4.9591160e+02   3.9817810e+00
   4.9639370e+02   4.0418700e+00
   4.9687580e+02   4.0904080e+00
   4.9735790e+02   4.5969700e+00
   4.9784010e+02   5.1398620e+00
   4.9832220e+02   5.0320430e+00
   4.9880430e+02   4.5022430e+00
   4.9928640e+02   4.4118190e+00
   4.9976850e+02   5.6105960e+00
   5.0025060e+02   7.1669160e+00
   5.0073280e+02   8.5541840e+00
   5.0121490e+02   9.7045590e+00
   5.0169700e+02   1.0185650e+01
   5.0217910e+02   9.0099950e+00
   5.0266120e+02   7.4788360e+00
   5.0314330e+02   6.8346560e+00
   5.0362550e+02   8.5551150e+00
   5.0410760e+02   9.5622860e+00
   5.0458970e+02   9.1934810e+00
   5.0507180e+02   7.8610990e+00
   5.0555390e+02   6.7450260e+00
   5.0603600e+02   5.9380190e+00
   5.0651820e+02   5.1772770e+00
   5.0700030e+02   4.2742160e+00
   5.0748240e+02   3.1827550e+00
   5.0796450e+02   2.8817600e+00
   5.0844660e+02   3.6228490e+00
   5.0892870e+02   4.5511930e+00
   5.0941090e+02   4.6456150e+00
   5.0989300e+02   3.9253540e+00
   5.1037510e+02   4.1188810e+00
   5.1085720e+02   5.7865300e+00
   5.1133930e+02   7.8330990e+00
   5.1182140e+02   8.1904300e+00
   5.1230360e+02   7.1600190e+00
   5.1278570e+02   6.3411100e+00
   5.1326780e+02   7.1740260e+00
   5.1374990e+02   8.4111790e+00
   5.1423210e+02   7.8270260e+00
   5.1471420e+02   5.4975130e+00
   5.1519630e+02   3.4144900e+00
   5.1567840e+02   2.8779910e+00
   5.1616050e+02   3.2175290e+00
   5.1664260e+02   3.9417720e+00
   5.1712480e+02   5.2924650e+00
   5.1760690e+02   6.1048890e+00
   5.1808900e+02   5.2905730e+00
   5.1857110e+02   3.8154300e+00
   5.1905320e+02   3.0846100e+00
   5.1953530e+02   4.3557740e+00
   5.2001750e+02   5.3715210e+00
   5.2049960e+02   5.5196380e+00
   5.2098170e+02   4.9013820e+00
   5.2146380e+02   4.2774660e+00
   5.2194590e+02   3.5044560e+00
   5.2242800e+02   2.9116520e+00
   5.2291020e+02   2.6073760e+00
   5.2339230e+02   2.5298000e+00
   5.2387440e+02   3.1645200e+00
   5.2435650e+02   4.8422390e+00
   5.2483860e+02   6.5765990e+00
   5.2532070e+02   7.2728580e+00
   5.2580290e+02   6.9225160e+00
   5.2628490e+02   5.4296420e+00
   5.2676700e+02   2.0306550e+00
   5.2724910e+02   1.4864040e+00
   5.2773130e+02   7.8971900e-01
   5.2821340e+02   3.4190520e+00
   5.2869550e+02   7.0594940e+00
   5.2917760e+02   6.5558470e+00
   5.2965970e+02   4.6803130e+00
   5.3014180e+02   5.7035520e+00
   5.3062400e+02   9.7250210e+00
   5.3110610e+02   1.2790050e+01
   5.3158820e+02   1.1879940e+01
   5.3207030e+02   8.9735110e+00
   5.3255240e+02   5.6782070e+00
   5.3303450e+02   1.2442170e+00
   5.3351670e+02   1.4832920e+00
   5.3399880e+02   2.0050000e-01
   5.3448090e+02   3.2188720e+00
   5.3496300e+02   5.5322420e+00
   5.3544510e+02   6.2959440e+00
   5.3592720e+02   5.8628850e+00
   5.3640940e+02   3.4101100e+00
   5.3689150e+02   7.4838300e-01
   5.3737360e+02   2.2450100e+00
   5.3785570e+02   4.0142800e-01
   5.3833780e+02   3.2941280e+00
   5.3881990e+02   3.9766690e+00
   5.3930210e+02   2.0171660e+00
   5.3978420e+02   1.2256160e+00
   5.4026630e+02   1.9296420e+00
   5.4074840e+02   2.9733890e+00
   5.4123050e+02   2.6081700e+00
   5.4171260e+02   1.0723720e+00
   5.4219480e+02   3.7315400e-01
   5.4267690e+02   1.2058110e+00
   5.4315900e+02   2.8389280e+00
   5.4364110e+02   4.7571260e+00
   5.4412320e+02   6.6745450e+00
   5.4460530e+02   7.5092010e+00
   5.4508750e+02   5.6401520e+00
   5.4556960e+02   3.1059720e+00
   5.4605170e+02   1.7159270e+00
   5.4653380e+02   1.5288090e+00
   5.4701590e+02   1.9198910e+00
   5.4749800e+02   3.3288570e+00
   5.4798020e+02   4.7799990e+00
   5.4846230e+02   5.4688720e+00
   5.4894440e+02   4.7659300e+00
   5.4942650e+02   4.1631620e+00
   5.4990860e+02   3.8439790e+00
   5.5039070e+02   3.7621150e+00
   5.5087290e+02   3.8974910e+00
   5.5135500e+02   4.7730560e+00
   5.5183710e+02   4.8678280e+00
   5.5231920e+02   3.4297330e+00
   5.5280130e+02   1.0234990e+00
   5.5328340e+02   4.7531001e-02
   5.5376560e+02   7.7493300e-01
   5.5424770e+02   1.8474880e+00
   5.5472980e+02   2.5795140e+00
   5.5521190e+02   3.0050200e+00
   5.5569400e+02   3.6831670e+00
   5.5617610e+02   4.7160640e+00
   5.5665830e+02   5.1744540e+00
   5.5714040e+02   3.1560820e+00
   5.5762250e+02   9.9074997e-02
   5.5810460e+02   1.3397670e+00
   5.5858670e+02   9.5661900e-01
   5.5906880e+02   3.5332640e+00
   5.5955100e+02   2.8945470e+00
   5.6003310e+02   4.2846700e-01
   5.6051520e+02   1.1326600e+00
   5.6099730e+02   1.5732000e-02
   5.6147940e+02   1.6894530e+00
   5.6196150e+02   3.3662110e+00
   5.6244370e+02   4.8947300e+00
   5.6292580e+02   5.5710450e+00
   5.6340790e+02   4.5674900e+00
   5.6389000e+02   3.2427670e+00
   5.6437210e+02   2.1457670e+00
   5.6485420e+02   1.1166840e+00
   5.6533640e+02   9.3399000e-01
   5.6581850e+02   2.2182010e+00
   5.6630060e+02   3.6138760e+00
   5.6678270e+02   3.3748170e+00
   5.6726480e+02   1.0320740e+00
   5.6774690e+02   1.1879000e-01
   5.6822910e+02   1.6415860e+00
   5.6871120e+02   4.1962740e+00
   5.6919330e+02   5.0983730e+00
   5.6967540e+02   4.4243930e+00
   5.7015750e+02   3.0433200e+00
   5.7063960e+02   4.7978200e-01
   5.7112180e+02   2.0997310e+00
   5.7160390e+02   2.4783630e+00
   5.7208600e+02   8.6836200e-01
   5.7256810e+02   1.0539400e+00
   5.7305020e+02   2.5535430e+00
   5.7353230e+02   3.6013950e+00
   5.7401450e+02   4.0771330e+00
   5.7449660e+02   3.8249660e+00
   5.7497870e+02   3.6817630e+00
   5.7546080e+02   4.1777190e+00
   5.7594290e+02   4.8210600e+00
   5.7642500e+02   5.1286470e+00
   5.7690720e+02   4.8335570e+00
   5.7738930e+02   4.4134670e+00
   5.7787140e+02   3.5936580e+00
   5.7835350e+02   2.7437900e+00
   5.7883560e+02   2.8679050e+00
   5.7931770e+02   4.4991460e+00
   5.7979990e+02   5.8028870e+00
   5.8028200e+02   6.2780460e+00
   5.8076410e+02   5.9624020e+00
   5.8124620e+02   4.8280490e+00
   5.8172830e+02   2.7879030e+00
   5.8221040e+02   1.0733030e+00
   5.8269260e+02   9.0492200e-01
   5.8317470e+02   1.8563690e+00
   5.8365680e+02   2.7808690e+00
   5.8413890e+02   3.6287230e+00
   5.8462100e+02   4.2703090e+00
   5.8510310e+02   4.2234650e+00
   5.8558530e+02   3.8036650e+00
   5.8606740e+02   3.7595830e+00
   5.8654950e+02   4.7287140e+00
   5.8703160e+02   5.6578220e+00
   5.8751370e+02   5.9060670e+00
   5.8799580e+02   5.8554530e+00
   5.8847800e+02   6.0513000e+00
   5.8896010e+02   6.9466860e+00
   5.8944220e+02   7.5628510e+00
   5.8992430e+02   7.7281800e+00
   5.9040640e+02   7.5082550e+00
   5.9088850e+02   7.2092590e+00
   5.9137070e+02   6.9461210e+00
   5.9185280e+02   6.4057920e+00
   5.9233490e+02   5.0849910e+00
   5.9281700e+02   2.7418210e+00
   5.9329910e+02   2.2858120e+00
   5.9378130e+02   4.2362820e+00
   5.9426340e+02   6.1873020e+00
   5.9474550e+02   4.9428410e+00
   5.9522760e+02   1.2848210e+00
   5.9570970e+02   7.9406700e-01
   5.9619180e+02   4.9078400e-01
   5.9667400e+02   9.2689500e-01
   5.9715610e+02   2.4780730e+00
   5.9763820e+02   4.0196690e+00
   5.9812030e+02   5.2949370e+00
   5.9860240e+02   6.0627750e+00
   5.9908450e+02   6.7917330e+00
   5.9956670e+02   7.9866030e+00
   6.0004880e+02   9.2723850e+00
   6.0053090e+02   9.6752320e+00
   6.0101300e+02   7.7088320e+00
   6.0149510e+02   5.8786160e+00
   6.0197720e+02   5.4107060e+00
   6.0245940e+02   6.4955900e+00
   6.0294150e+02   7.2233280e+00
   6.0342360e+02   7.6346890e+00
   6.0390570e+02   7.6372070e+00
   6.0438780e+02   6.8948520e+00
   6.0486990e+02   5.1229100e+00
   6.0535210e+02   4.6984410e+00
   6.0583420e+02   6.1053010e+00
   6.0631630e+02   8.1174010e+00
   6.0679840e+02   9.0866850e+00
   6.0728050e+02   9.0975040e+00
   6.0776260e+02   9.3025210e+00
   6.0824480e+02   1.0242000e+01
   6.0872690e+02   1.1107860e+01
   6.0920900e+02   1.0767150e+01
   6.0969110e+02   9.5157470e+00
   6.1017320e+02   8.1598820e+00
   6.1065530e+02   6.8945160e+00
   6.1113750e+02   5.8434300e+00
   6.1161960e+02   4.2080380e+00
   6.1210170e+02   2.2897800e+00
   6.1258380e+02   3.2534480e+00
   6.1306590e+02   1.2774140e+01
   6.1354800e+02   2.1460450e+01
   6.1403020e+02   2.3954530e+01
   6.1451230e+02   1.8578430e+01
   6.1499440e+02   1.4220120e+01
   6.1547650e+02   1.0779460e+01
   6.1595860e+02   8.4991000e+00
   6.1644070e+02   8.0939940e+00
   6.1692290e+02   9.8741150e+00
   6.1740500e+02   1.0605210e+01
   6.1788710e+02   9.7272030e+00
   6.1836920e+02   8.2155910e+00
   6.1885130e+02   7.4623570e+00
   6.1933340e+02   7.4045870e+00
   6.1981560e+02   7.8880920e+00
   6.2029770e+02   9.1882480e+00
   6.2077980e+02   1.0596970e+01
   6.2126190e+02   1.1513280e+01
   6.2174400e+02   1.1889140e+01
   6.2222610e+02   1.1585660e+01
   6.2270830e+02   9.7210080e+00
   6.2319040e+02   7.8447420e+00
   6.2367250e+02   6.8824620e+00
   6.2415460e+02   6.8742830e+00
   6.2463670e+02   6.9909520e+00
   6.2511880e+02   7.2112270e+00
   6.2560100e+02   7.4075780e+00
   6.2608310e+02   7.5478210e+00
   6.2656520e+02   7.6551060e+00
   6.2704730e+02   7.5534820e+00
   6.2752940e+02   7.1257930e+00
   6.2801150e+02   6.6755520e+00
   6.2849370e+02   6.5782620e+00
   6.2897580e+02   6.7675170e+00
   6.2945790e+02   6.7868500e+00
   6.2994000e+02   6.7331240e+00
   6.3042210e+02   6.3493960e+00
   6.3090420e+02   4.9078370e+00
   6.3138640e+02   2.8058930e+00
   6.3186850e+02   1.3156590e+00
   6.3235060e+02   1.0834810e+00
   6.3283270e+02   1.4447330e+00
   6.3331480e+02   2.2669370e+00
   6.3379690e+02   3.2756200e+00
   6.3427910e+02   3.6497040e+00
   6.3476120e+02   2.2186890e+00
   6.3524330e+02   8.8615400e-01
   6.3572540e+02   5.3584300e-01
   6.3620750e+02   1.2350460e+00
   6.3668960e+02   1.9975280e+00
   6.3717180e+02   3.3289490e+00
   6.3765390e+02   4.0633850e+00
   6.3813600e+02   3.2347870e+00
   6.3861810e+02   3.4210200e-01
   6.3910020e+02   3.9952100e-01
   6.3958230e+02   1.5879520e+00
   6.4006450e+02   4.0413510e+00
   6.4054660e+02   4.7950590e+00
   6.4102870e+02   4.0353700e+00
   6.4151080e+02   2.3024750e+00
   6.4199290e+02   7.2032200e-01
   6.4247500e+02   3.1008910e+00
   6.4295720e+02   1.4994510e+00
   6.4343930e+02   2.1574710e+00
   6.4392140e+02   4.3156130e+00
   6.4440350e+02   2.5811310e+00
   6.4488560e+02   3.0461100e-01
   6.4536770e+02   1.2297210e+00
   6.4584990e+02   2.0066530e+00
   6.4633200e+02   1.9450230e+00
   6.4681410e+02   1.4404000e-02
   6.4729620e+02   1.6663060e+00
   6.4777830e+02   2.6104130e+00
   6.4826040e+02   2.8479160e+00
   6.4874260e+02   2.4967500e+00
   6.4922470e+02   1.2020260e+00
   6.4970680e+02   1.6741900e-01
   6.5018880e+02   1.2793000e-01
   6.5067100e+02   9.9600200e-01
   6.5115310e+02   1.4734800e+00
   6.5163520e+02   1.5167240e+00
   6.5211730e+02   1.6172940e+00
   6.5259940e+02   2.7531590e+00
   6.5308150e+02   4.1208040e+00
   6.5356370e+02   3.8032680e+00
   6.5404580e+02   1.3316350e+00
   6.5452790e+02   1.0098720e+00
   6.5501000e+02   1.3937990e+00
   6.5549210e+02   8.2899500e-01
   6.5597420e+02   4.7273300e-01
   6.5645640e+02   1.2832790e+00
   6.5693850e+02   1.3607330e+00
   6.5742060e+02   2.6258900e-01
   6.5790270e+02   2.7107240e+00
   6.5838480e+02   4.5985570e+00
   6.5886690e+02   6.2238920e+00
   6.5934910e+02   6.5713960e+00
   6.5983120e+02   4.8919220e+00
   6.6031330e+02   2.1414950e+00
   6.6079540e+02   1.4618840e+00
   6.6127750e+02   3.0155640e+00
   6.6175960e+02   4.0547640e+00
   6.6224180e+02   2.9173580e+00
   6.6272390e+02   6.0121200e-01
   6.6320600e+02   8.4672500e-01
   6.6368810e+02   1.4498750e+00
   6.6417020e+02   1.2986760e+00
   6.6465230e+02   2.3503100e-01
   6.6513450e+02   2.0439150e+00
   6.6561660e+02   3.2155460e+00
   6.6609870e+02   3.6602330e+00
   6.6658080e+02   3.6717830e+00
   6.6706290e+02   3.1680150e+00
   6.6754500e+02   2.3985140e+00
   6.6802720e+02   1.4428860e+00
   6.6850930e+02   3.4667999e-02
   6.6899140e+02   7.9246500e-01
   6.6947350e+02   6.5206900e-01
   6.6995560e+02   1.4954000e-02
   6.7043770e+02   9.0164200e-01
   6.7091990e+02   2.1415860e+00
   6.7140200e+02   2.6689450e+00
   6.7188410e+02   2.1134640e+00
   6.7236620e+02   1.4183650e+00
   6.7284830e+02   2.3589630e+00
   6.7333040e+02   4.3628850e+00
   6.7381260e+02   5.6428680e+00
   6.7429470e+02   5.2705840e+00
   6.7477680e+02   4.3447720e+00
   6.7525890e+02   3.0556490e+00
   6.7574100e+02   1.9263610e+00
   6.7622310e+02   2.1641240e+00
   6.7670530e+02   6.3904110e+00
   6.7718740e+02   9.8196260e+00
   6.7766950e+02   1.0217040e+01
   6.7815160e+02   7.9929500e+00
   6.7863370e+02   6.6354980e+00
   6.7911580e+02   6.0333400e+00
   6.7959800e+02   6.5283050e+00
   6.8008010e+02   8.8142850e+00
   6.8056220e+02   1.2633770e+01
   6.8104430e+02   1.4277920e+01
   6.8152640e+02   1.3546100e+01
   6.8200850e+02   1.2411390e+01
   6.8249070e+02   1.2395200e+01
   6.8297280e+02   1.3051770e+01
   6.8345490e+02   1.3139480e+01
   6.8393700e+02   1.2552340e+01
   6.8441910e+02   1.2562330e+01
   6.8490120e+02   1.4741070e+01
   6.8538340e+02   1.7675140e+01
   6.8586550e+02   1.9773560e+01
   6.8634760e+02   2.0075680e+01
   6.8682970e+02   2.1279020e+01
   6.8731180e+02   2.5336560e+01
   6.8779390e+02   2.9929400e+01
   6.8827610e+02   3.2475270e+01
   6.8875820e+02   3.1205800e+01
   6.8924030e+02   3.1771000e+01
   6.8972240e+02   3.5012010e+01
   6.9020450e+02   3.9715360e+01
   6.9068660e+02   4.3860140e+01
   6.9116880e+02   4.7454560e+01
   6.9165090e+02   5.2037870e+01
   6.9213300e+02   5.7795070e+01
   6.9261510e+02   6.5090290e+01
   6.9309720e+02   7.3942430e+01
   6.9357930e+02   8.4712540e+01
   6.9406150e+02   9.8154300e+01
   6.9454360e+02   1.1232060e+02
   6.9502570e+02   1.3166560e+02
   6.9550780e+02   1.5772870e+02
   6.9598990e+02   1.9102930e+02
   6.9647200e+02   2.3350120e+02
   6.9695420e+02   2.8926180e+02
   6.9743630e+02   3.5128340e+02
   6.9791840e+02   4.2012440e+02
   6.9840050e+02   4.9501610e+02
   6.9888260e+02   5.5603990e+02
   6.9936470e+02   6.0149290e+02
   6.9984690e+02   6.3786010e+02
   7.0032900e+02   6.6570620e+02
   7.0081110e+02   6.8675580e+02
   7.0129320e+02   7.1136220e+02
   7.0177530e+02   7.3919510e+02
   7.0225740e+02   7.7026280e+02
   7.0273960e+02   8.0409170e+02
   7.0322170e+02   8.4123820e+02
   7.0370380e+02   8.8181740e+02
   7.0418590e+02   9.2557820e+02
   7.0466800e+02   9.7646410e+02
   7.0515010e+02   1.0316930e+03
   7.0563230e+02   1.0974590e+03
   7.0611440e+02   1.1791640e+03
   7.0659650e+02   1.2720070e+03
   7.0707860e+02   1.3915620e+03
   7.0756070e+02   1.5436670e+03
   7.0804280e+02   1.7167950e+03
   7.0852500e+02   1.9014420e+03
   7.0900710e+02   2.1011150e+03
   7.0948920e+02   2.2957350e+03
   7.0997130e+02   2.4825600e+03
   7.1045340e+02   2.6708130e+03
   7.1093550e+02   2.8752020e+03
   7.1141770e+02   3.0935450e+03
   7.1189980e+02   3.3244860e+03
   7.1238190e+02   3.6185130e+03
   7.1286400e+02   3.8444930e+03
   7.1334610e+02   3.9182370e+03
   7.1382820e+02   3.8375840e+03
   7.1431040e+02   3.5923970e+03
   7.1479250e+02   3.0424470e+03
   7.1527460e+02   2.4818730e+03
   7.1575670e+02   1.9523520e+03
   7.1623880e+02   1.4742930e+03
   7.1672090e+02   1.0982920e+03
   7.1720310e+02   8.4894840e+02
   7.1768520e+02   6.5958890e+02
   7.1816730e+02   5.1849420e+02
   7.1864940e+02   4.2038370e+02
   7.1913150e+02   3.4444600e+02
   7.1961360e+02   2.9090370e+02
   7.2009580e+02   2.4918090e+02
   7.2057790e+02   2.1808500e+02
   7.2106000e+02   1.9345590e+02
   7.2154210e+02   1.7092540e+02
   7.2202420e+02   1.5034380e+02
   7.2250630e+02   1.3251120e+02
   7.2298850e+02   1.1811240e+02
   7.2347060e+02   1.0608590e+02
   7.2395270e+02   9.6440840e+01
   7.2443480e+02   8.9281800e+01
   7.2491690e+02   8.2230930e+01
   7.2539900e+02   7.4465990e+01
   7.2588120e+02   6.7592590e+01
   7.2636330e+02   6.2843050e+01
   7.2684540e+02   6.0397280e+01
   7.2732750e+02   5.6970400e+01
   7.2780960e+02   5.2416840e+01
   7.2829170e+02   4.7885440e+01
   7.2877390e+02   4.4653810e+01
   7.2925600e+02   4.2218290e+01
   7.2973810e+02   3.9089480e+01
   7.3022020e+02   3.4982760e+01
   7.3070230e+02   3.1412350e+01
   7.3118440e+02   2.9981160e+01
   7.3166660e+02   2.9384640e+01
   7.3214870e+02   2.8230150e+01
   7.3263080e+02   2.5911130e+01
   7.3311290e+02   2.3761660e+01
   7.3359500e+02   2.1754850e+01
   7.3407710e+02   2.0156110e+01
   7.3455930e+02   1.9244190e+01
   7.3504140e+02   1.9129060e+01
   7.3552350e+02   1.9536360e+01
   7.3600560e+02   2.0866060e+01
   7.3648770e+02   2.1848970e+01
   7.3696980e+02   2.0087100e+01
   7.3745200e+02   1.6159150e+01
   7.3793410e+02   1.2998980e+01
   7.3841620e+02   1.1458890e+01
   7.3889830e+02   1.0644330e+01
   7.3938040e+02   9.7065580e+00
   7.3986250e+02   8.8520050e+00
   7.4034470e+02   8.4113920e+00
   7.4082680e+02   8.4023900e+00
   7.4130890e+02   8.9404300e+00
   7.4179100e+02   1.1235460e+01
   7.4227310e+02   1.3923460e+01
   7.4275520e+02   1.3739490e+01
   7.4323740e+02   8.4571230e+00
   7.4371950e+02   5.4092410e+00
   7.4420160e+02   6.7963410e+00
   7.4468370e+02   1.0443920e+01
   7.4516580e+02   1.1018070e+01
   7.4564790e+02   8.6692200e+00
   7.4613010e+02   6.3199770e+00
   7.4661220e+02   5.1963650e+00
   7.4709430e+02   4.6880340e+00
   7.4757640e+02   3.8759000e+00
   7.4805850e+02   2.9549260e+00
   7.4854060e+02   2.6020360e+00
   7.4902280e+02   4.0212250e+00
   7.4950490e+02   5.2173000e+00
   7.4998700e+02   5.1095430e+00
   7.5046910e+02   3.8326870e+00
   7.5095120e+02   2.6068270e+00
   7.5143330e+02   1.3288270e+00
   7.5191550e+02   3.5687300e-01
   7.5239760e+02   2.2024500e-01
   7.5287970e+02   3.9759800e-01
   7.5336180e+02   1.9592000e-02
   7.5384390e+02   9.3263200e-01
   7.5432600e+02   1.8460080e+00
   7.5480820e+02   2.4655150e+00
   7.5529030e+02   2.7454220e+00
   7.5577240e+02   2.2803650e+00
   7.5625450e+02   1.2492370e+00
   7.5673660e+02   8.3071900e-01
   7.5721880e+02   2.3893590e+00
   7.5770090e+02   3.9531710e+00
   7.5818300e+02   4.4846650e+00
   7.5866510e+02   3.8620450e+00
   7.5914720e+02   2.5580290e+00
   7.5962930e+02   3.1599400e-01
   7.6011150e+02   2.5714420e+00
   7.6059360e+02   2.9916690e+00
   7.6107570e+02   1.5635680e+00
   7.6155780e+02   2.9602000e-02
   7.6203990e+02   1.8331910e+00
   7.6252200e+02   3.3431090e+00
   7.6300420e+02   4.0080720e+00
   7.6348630e+02   4.2817380e+00
   7.6396840e+02   4.9849700e+00
   7.6445050e+02   6.0346070e+00
   7.6493260e+02   6.8190770e+00
   7.6541470e+02   6.8386540e+00
   7.6589690e+02   6.4128270e+00
   7.6637900e+02   5.6417240e+00
   7.6686110e+02   4.3390050e+00
   7.6734320e+02   3.5956120e+00
   7.6782530e+02   3.7301180e+00
   7.6830740e+02   4.1134340e+00
   7.6878960e+02   4.3925780e+00
   7.6927170e+02   4.5882720e+00
   7.6975380e+02   4.4229430e+00
   7.7023590e+02   3.8317410e+00
   7.7071800e+02   3.2231450e+00
   7.7120010e+02   2.5630650e+00
   7.7168230e+02   2.2731320e+00
   7.7216440e+02   3.6615910e+00
   7.7264650e+02   7.1896670e+00
   7.7312850e+02   1.0098070e+01
   7.7361070e+02   1.0259490e+01
   7.7409280e+02   9.1851810e+00
   7.7457490e+02   8.1952510e+00
   7.7505700e+02   7.6374970e+00
   7.7553910e+02   6.7714080e+00
   7.7602120e+02   5.1864170e+00
   7.7650340e+02   3.6997830e+00
   7.7698550e+02   3.1621550e+00
   7.7746760e+02   3.6617740e+00
   7.7794970e+02   3.7197880e+00
   7.7843180e+02   3.0440060e+00
   7.7891390e+02   3.0093380e+00
   7.7939610e+02   6.7159120e+00
   7.7987820e+02   1.1878660e+01
   7.8036030e+02   1.3462040e+01
   7.8084240e+02   9.6415560e+00
   7.8132450e+02   5.4472350e+00
   7.8180660e+02   3.8420100e+00
   7.8228880e+02   3.3841400e+00
   7.8277090e+02   2.5605620e+00
   7.8325300e+02   5.6643700e-01
   7.8373510e+02   1.0341030e+00
   7.8421720e+02   2.8991090e+00
   7.8469930e+02   7.5679780e+00
   7.8518150e+02   8.5074310e+00
   7.8566360e+02   5.5774540e+00
   7.8614570e+02   3.3099060e+00
   7.8662780e+02   2.2534030e+00
   7.8710990e+02   1.8879550e+00
   7.8759200e+02   1.3931430e+00
   7.8807420e+02   1.1853640e+00
   7.8855630e+02   2.3363190e+00
   7.8903840e+02   6.0199130e+00
   7.8952050e+02   8.6396640e+00
   7.9000260e+02   7.5631260e+00
   7.9048470e+02   4.8488920e+00
   7.9096690e+02   2.7631380e+00
   7.9144900e+02   1.2267760e+00
   7.9193110e+02   8.8873300e-01
   7.9241320e+02   2.2719570e+00
   7.9289530e+02   4.2095030e+00
   7.9337740e+02   5.2122340e+00
   7.9385960e+02   5.3036040e+00
   7.9434170e+02   5.3003230e+00
   7.9482380e+02   5.3395840e+00
   7.9530590e+02   5.3027190e+00
   7.9578800e+02   4.7214510e+00
   7.9627010e+02   4.0750120e+00
   7.9675230e+02   4.2005920e+00
   7.9723440e+02   5.8657070e+00
   7.9771650e+02   7.2366940e+00
   7.9819860e+02   7.6538390e+00
   7.9868070e+02   7.4340060e+00
   7.9916280e+02   7.0676880e+00
   7.9964500e+02   7.0042720e+00
   8.0012710e+02   5.4867250e+00
   8.0060920e+02   1.6333920e+00
   8.0109130e+02   2.3074340e+00
   8.0157340e+02   2.5974730e+00
   8.0205550e+02   1.2350500e-01
   8.0253770e+02   2.2298430e+00
   8.0301980e+02   3.0808720e+00
   8.0350190e+02   3.0728150e+00
   8.0398400e+02   1.7124330e+00
   8.0446610e+02   5.9204001e-02
   8.0494820e+02   3.6184700e-01
   8.0543040e+02   1.7231140e+00
   8.0591250e+02   3.6367650e+00
   8.0639460e+02   4.9634250e+00
   8.0687670e+02   5.5979610e+00
   8.0735880e+02   5.2180940e+00
   8.0784090e+02   3.4535370e+00
   8.0832310e+02   2.1675870e+00
   8.0880520e+02   1.5415650e+00
   8.0928730e+02   1.3710940e+00
   8.0976940e+02   1.6704710e+00
   8.1025150e+02   2.2060700e+00
   8.1073360e+02   2.2121580e+00
   8.1121580e+02   1.3630520e+00
   8.1169790e+02   6.0084500e-01
   8.1218000e+02   1.0217440e+00
   8.1266210e+02   1.7205960e+00
   8.1314420e+02   1.6475520e+00
   8.1362630e+02   5.4435700e-01
   8.1410850e+02   1.6269840e+00
   8.1459060e+02   1.5038450e+00
   8.1507270e+02   2.0262100e-01
   8.1555480e+02   3.0419310e+00
   8.1603690e+02   8.4997710e+00
   8.1651900e+02   1.0880040e+01
   8.1700120e+02   9.3547820e+00
   8.1748330e+02   6.2933200e+00
   8.1796540e+02   3.5642240e+00
   8.1844750e+02   1.3614810e+00
   8.1892960e+02   1.9749500e-01
   8.1941170e+02   4.1464200e-01
   8.1989390e+02   4.6678200e-01
   8.2037600e+02   1.2778780e+00
   8.2085810e+02   2.9966130e+00
   8.2134020e+02   2.7607880e+00
   8.2182230e+02   1.0674900e+00
   8.2230440e+02   2.8786620e+00
   8.2278660e+02   1.7634890e+00
   8.2326870e+02   3.7641900e-01
   8.2375080e+02   2.3200380e+00
   8.2423290e+02   6.7642210e+00
   8.2471500e+02   8.0121000e+00
   8.2519710e+02   5.2197720e+00
   8.2567930e+02   2.0428770e+00
   8.2616140e+02   1.8460390e+00
   8.2664350e+02   2.9957280e+00
   8.2712560e+02   3.8225250e+00
   8.2760770e+02   4.0538180e+00
   8.2808980e+02   3.8363040e+00
   8.2857200e+02   2.8630520e+00
   8.2905410e+02   1.7303920e+00
   8.2953620e+02   6.5715000e-01
   8.3001830e+02   5.6742900e-01
   8.3050040e+02   4.7908000e-01
   8.3098250e+02   1.1124420e+00
   8.3146470e+02   3.0743710e+00
   8.3194680e+02   4.8895110e+00
   8.3242890e+02   6.1763150e+00
   8.3291100e+02   5.6373140e+00
   8.3339310e+02   3.1716920e+00
   8.3387520e+02   9.0583800e-01
   8.3435740e+02   2.8334000e-01
   8.3483950e+02   4.3949900e-01
   8.3532160e+02   9.2796300e-01
   8.3580370e+02   4.5281980e+00
   8.3628580e+02   5.7302090e+00
   8.3676790e+02   3.2794490e+00
   8.3725010e+02   6.0937500e-01
   8.3773220e+02   9.6786000e-02
   8.3821430e+02   9.6275300e-01
   8.3869640e+02   1.5146940e+00
   8.3917850e+02   1.5564120e+00
   8.3966060e+02   1.4854580e+00
   8.4014280e+02   1.4545750e+00
   8.4062490e+02   1.5480040e+00
   8.4110700e+02   1.8269960e+00
   8.4158910e+02   2.2971190e+00
   8.4207120e+02   3.0323490e+00
   8.4255330e+02   4.5472110e+00
   8.4303550e+02   5.7131040e+00
   8.4351760e+02   6.0068360e+00
   8.4399970e+02   5.4901890e+00
   8.4448180e+02   5.0172420e+00
   8.4496390e+02   4.5729060e+00
   8.4544600e+02   4.2523350e+00
   8.4592820e+02   4.1717680e+00
   8.4641030e+02   4.2192990e+00
   8.4689240e+02   4.2664640e+00
   8.4737450e+02   4.2720790e+00
   8.4785660e+02   4.0136260e+00
   8.4833870e+02   2.2234950e+00
   8.4882090e+02   1.1331180e+00
   8.4930300e+02   2.9235840e+00
   8.4978510e+02   6.8046420e+00
   8.5026720e+02   8.2811580e+00
   8.5074930e+02   6.1264340e+00
   8.5123140e+02   3.9101260e+00
   8.5171360e+02   2.5541840e+00
   8.5219570e+02   1.8454740e+00
   8.5267780e+02   1.0872190e+00
   8.5315990e+02   3.4611500e-01
   8.5364200e+02   1.3226300e-01
   8.5412410e+02   7.6588400e-01
   8.5460630e+02   1.8891300e+00
   8.5508840e+02   3.8704530e+00
   8.5557050e+02   6.0078890e+00
   8.5605260e+02   6.8597110e+00
   8.5653470e+02   3.8888090e+00
   8.5701680e+02   2.3617710e+00
   8.5749900e+02   4.1670990e+00
   8.5798110e+02   7.1964570e+00
   8.5846320e+02   6.8256680e+00
   8.5894530e+02   2.6156460e+00
   8.5942740e+02   6.0325600e-01
   8.5990950e+02   2.6908420e+00
   8.6039170e+02   6.1574550e+00
   8.6087380e+02   8.5926970e+00
   8.6135590e+02   9.7146760e+00
   8.6183800e+02   8.7642520e+00
   8.6232010e+02   4.0094600e+00
   8.6280220e+02   1.4910900e-01
   8.6328440e+02   6.6357400e-01
   8.6376650e+02   2.2131300e-01
   8.6424860e+02   1.2825780e+00
   8.6473070e+02   2.7556460e+00
   8.6521280e+02   3.4879300e+00
   8.6569490e+02   3.0476840e+00
   8.6617710e+02   2.9131010e+00
   8.6665920e+02   5.7736970e+00
   8.6714130e+02   1.0232130e+01
   8.6762340e+02   1.2063230e+01
   8.6810550e+02   1.0449740e+01
   8.6858760e+02   8.2545930e+00
   8.6906980e+02   6.6220700e+00
   8.6955190e+02   5.7993160e+00
   8.7003400e+02   6.2957150e+00
   8.7051610e+02   8.9971770e+00
   8.7099820e+02   9.7799220e+00
   8.7148030e+02   7.7820280e+00
   8.7196250e+02   5.2065280e+00
   8.7244460e+02   3.4577030e+00
   8.7292670e+02   2.5781710e+00
   8.7340880e+02   2.4450990e+00
   8.7389090e+02   3.0385440e+00
   8.7437300e+02   3.6878970e+00
   8.7485520e+02   3.9677730e+00
   8.7533730e+02   3.9834290e+00
   8.7581940e+02   3.6664430e+00
   8.7630150e+02   3.0601040e+00
   8.7678360e+02   2.7655330e+00
   8.7726570e+02   3.0984500e+00
   8.7774790e+02   3.5888980e+00
   8.7823000e+02   4.0112150e+00
   8.7871210e+02   4.3802950e+00
   8.7919420e+02   5.2222140e+00
   8.7967630e+02   6.6952510e+00
   8.8015840e+02   7.7972560e+00
   8.8064060e+02   8.0786900e+00
   8.8112270e+02   7.8144380e+00
   8.8160480e+02   7.2090910e+00
   8.8208690e+02   6.3474270e+00
   8.8256900e+02   5.4588170e+00
   8.8305110e+02   4.3239750e+00
   8.8353330e+02   3.5291290e+00
   8.8401540e+02   3.2079010e+00
   8.8449750e+02   3.3494870e+00
   8.8497960e+02   4.1493070e+00
   8.8546170e+02   5.8333280e+00
   8.8594380e+02   6.8196110e+00
   8.8642600e+02   6.6013790e+00
   8.8690810e+02   6.0700530e+00
   8.8739020e+02   6.8507390e+00
   8.8787230e+02   8.2518310e+00
   8.8835440e+02   8.7829590e+00
   8.8883650e+02   7.6218870e+00
   8.8931870e+02   6.5935360e+00
   8.8980080e+02   6.3997650e+00
   8.9028290e+02   6.7739720e+00
   8.9076500e+02   7.4839170e+00
   8.9124710e+02   8.8055570e+00
   8.9172920e+02   9.7925570e+00
   8.9221140e+02   1.0556150e+01
   8.9269350e+02   1.0550540e+01
   8.9317560e+02   8.4141850e+00
   8.9365770e+02   5.1593170e+00
   8.9413980e+02   4.0005190e+00
   8.9462190e+02   5.3053280e+00
   8.9510410e+02   6.5135350e+00
   8.9558620e+02   5.6358340e+00
   8.9606830e+02   4.4109190e+00
   8.9655040e+02   3.9495390e+00
   8.9703250e+02   4.3539580e+00
   8.9751460e+02   5.1447600e+00
   8.9799670e+02   6.6618650e+00
   8.9847880e+02   7.8541110e+00
   8.9896090e+02   7.9219510e+00
   8.9944310e+02   7.2978820e+00
   8.9992520e+02   7.8446660e+00
   9.0040730e+02   9.3591770e+00
   9.0088940e+02   1.0616960e+01
   9.0137150e+02   1.0804050e+01
   9.0185360e+02   1.0529400e+01
   9.0233580e+02   1.0128980e+01
   9.0281790e+02   9.5963590e+00
   9.0330000e+02   8.9048000e+00
   9.0378210e+02   8.1700440e+00
   9.0426420e+02   7.0481260e+00
   9.0474630e+02   4.9518590e+00
   9.0522850e+02   2.9794310e+00
   9.0571060e+02   4.4945220e+00
   9.0619270e+02   8.9077000e+00
   9.0667480e+02   1.1591690e+01
   9.0715690e+02   1.0617580e+01
   9.0763900e+02   8.7411800e+00
   9.0812120e+02   8.0325320e+00
   9.0860330e+02   7.9985200e+00
   9.0908540e+02   7.9639890e+00
   9.0956750e+02   7.0469510e+00
   9.1004960e+02   7.8930360e+00
   9.1053170e+02   1.1791140e+01
   9.1101390e+02   1.6034580e+01
   9.1149600e+02   1.7980560e+01
   9.1197810e+02   1.7727950e+01
   9.1246020e+02   1.5920170e+01
   9.1294230e+02   1.2503010e+01
   9.1342440e+02   9.7196500e+00
   9.1390660e+02   1.0051760e+01
   9.1438870e+02   1.1605040e+01
   9.1487080e+02   1.2521350e+01
   9.1535290e+02   1.2525050e+01
   9.1583500e+02   1.2479980e+01
   9.1631710e+02   1.2142750e+01
   9.1679930e+02   1.2208720e+01
   9.1728140e+02   1.3298550e+01
   9.1776350e+02   1.5188420e+01
   9.1824560e+02   1.5679400e+01
   9.1872770e+02   1.4768340e+01
   9.1920980e+02   1.3838380e+01
   9.1969200e+02   1.3958890e+01
   9.2017410e+02   1.4462740e+01
   9.2065620e+02   1.4303910e+01
   9.2113830e+02   1.3832950e+01
   9.2162040e+02   1.4288180e+01
   9.2210250e+02   1.7635710e+01
   9.2258470e+02   1.9685760e+01
   9.2306680e+02   1.9197510e+01
   9.2354890e+02   1.7692860e+01
   9.2403100e+02   1.8586750e+01
   9.2451310e+02   2.1691930e+01
   9.2499520e+02   2.2451810e+01
   9.2547740e+02   1.9500150e+01
   9.2595950e+02   1.5741700e+01
   9.2644160e+02   1.3646800e+01
   9.2692370e+02   1.2684080e+01
   9.2740580e+02   1.2120610e+01
   9.2788790e+02   1.1569150e+01
   9.2837010e+02   1.2223430e+01
   9.2885220e+02   1.5474690e+01
   9.2933430e+02   1.8351870e+01
   9.2981640e+02   1.8428240e+01
   9.3029850e+02   1.5752730e+01
   9.3078060e+02   1.3369660e+01
   9.3126280e+02   1.1284790e+01
   9.3174490e+02   1.0502780e+01
   9.3222700e+02   1.3207700e+01
   9.3270910e+02   1.6511440e+01
   9.3319120e+02   1.7391880e+01
   9.3367330e+02   1.5950990e+01
   9.3415550e+02   1.4620500e+01
   9.3463760e+02   1.4133470e+01
   9.3511970e+02   1.3527950e+01
   9.3560180e+02   1.2347560e+01
   9.3608390e+02   1.0975190e+01
   9.3656600e+02   1.0689900e+01
   9.3704820e+02   1.1438200e+01
   9.3753030e+02   1.2396610e+01
   9.3801240e+02   1.3357770e+01
   9.3849450e+02   1.4311420e+01
   9.3897660e+02   1.5604720e+01
   9.3945870e+02   1.6786120e+01
   9.3994090e+02   1.7181900e+01
   9.4042300e+02   1.6007160e+01
   9.4090510e+02   1.4893260e+01
   9.4138720e+02   1.3886200e+01
   9.4186930e+02   1.3005830e+01
   9.4235140e+02   1.2067780e+01
   9.4283360e+02   1.1182910e+01
   9.4331570e+02   1.1772510e+01
   9.4379780e+02   1.4015640e+01
   9.4427990e+02   1.5757170e+01
   9.4476200e+02   1.5002400e+01
   9.4524410e+02   1.3110610e+01
   9.4572630e+02   1.0883240e+01
   9.4620840e+02   8.3765870e+00
   9.4669050e+02   6.9804530e+00
   9.4717260e+02   7.1769100e+00
   9.4765470e+02   7.7143250e+00
   9.4813680e+02   8.1933290e+00
   9.4861900e+02   8.5919490e+00
   9.4910110e+02   8.8154300e+00
   9.4958320e+02   8.8916020e+00
   9.5006530e+02   8.9856720e+00
   9.5054740e+02   9.2165680e+00
   9.5102950e+02   9.4460750e+00
   9.5151170e+02   1.0041210e+01
   9.5199380e+02   1.0459720e+01
   9.5247590e+02   9.5502620e+00
   9.5295800e+02   6.1155400e+00
   9.5344010e+02   3.6238100e+00
   9.5392220e+02   2.2847600e+00
   9.5440440e+02   2.0667110e+00
   9.5488650e+02   3.7981870e+00
   9.5536860e+02   6.6790160e+00
   9.5585070e+02   7.5971070e+00
   9.5633280e+02   6.0504760e+00
   9.5681490e+02   4.1622010e+00
   9.5729710e+02   2.9837040e+00
   9.5777920e+02   2.2777710e+00
   9.5826130e+02   1.9425660e+00
   9.5874340e+02   1.9805600e+00
   9.5922550e+02   2.0632630e+00
   9.5970760e+02   2.0916750e+00
   9.6018980e+02   2.5056460e+00
   9.6067190e+02   3.8697200e+00
   9.6115400e+02   5.5657040e+00
   9.6163610e+02   6.4282530e+00
   9.6211820e+02   6.3816830e+00
   9.6260030e+02   5.1603090e+00
   9.6308250e+02   7.8750600e-01
   9.6356460e+02   2.6809080e+00
   9.6404670e+02   2.8450320e+00
   9.6452880e+02   1.3579100e+00
   9.6501090e+02   1.1382750e+00
   9.6549300e+02   2.7442320e+00
   9.6597520e+02   2.7465520e+00
   9.6645730e+02   2.4755900e-01
   9.6693940e+02   2.1277160e+00
   9.6742150e+02   2.8051800e-01
   9.6790360e+02   3.5738530e+00
   9.6838570e+02   5.6765440e+00
   9.6886790e+02   5.3000490e+00
   9.6935000e+02   4.6922910e+00
   9.6983210e+02   4.5579830e+00
   9.7031420e+02   4.5231630e+00
   9.7079630e+02   4.2533260e+00
   9.7127840e+02   3.8246770e+00
   9.7176060e+02   4.4982910e+00
   9.7224270e+02   6.3203740e+00
   9.7272480e+02   7.5731200e+00
   9.7320690e+02   7.0419310e+00
   9.7368900e+02   5.6916200e+00
   9.7417110e+02   4.1608580e+00
   9.7465330e+02   2.7944030e+00
   9.7513540e+02   2.3304440e+00
   9.7561750e+02   4.5896910e+00
   9.7609960e+02   5.5052190e+00
   9.7658170e+02   3.5998540e+00
   9.7706380e+02   1.1901860e+00
   9.7754600e+02   2.2403560e+00
   9.7802810e+02   6.2828370e+00
   9.7851020e+02   7.9580380e+00
   9.7899230e+02   6.3654790e+00
   9.7947440e+02   4.0864560e+00
   9.7995650e+02   2.9532470e+00
   9.8043870e+02   2.4174500e+00
   9.8092080e+02   2.0803830e+00
   9.8140290e+02   1.9407960e+00
   9.8188500e+02   1.5585020e+00
   9.8236710e+02   8.1280500e-01
   9.8284920e+02   9.7321004e-02
   9.8333140e+02   3.4072900e-01
   9.8381350e+02   6.4874300e-01
   9.8429560e+02   1.1730040e+00
   9.8477770e+02   1.9500120e+00
   9.8525980e+02   3.1159360e+00
   9.8574190e+02   5.4330440e+00
   9.8622410e+02   7.3925780e+00
   9.8670620e+02   7.8399350e+00
   9.8718830e+02   7.6058650e+00
   9.8767040e+02   8.2218020e+00
   9.8815250e+02   1.0173580e+01
   9.8863460e+02   1.1196290e+01
   9.8911680e+02   1.0955810e+01
   9.8959890e+02   1.0323820e+01
   9.9008100e+02   1.0099330e+01
   9.9056310e+02   1.0228390e+01
   9.9104520e+02   1.0833370e+01
   9.9152730e+02   1.1929350e+01
   9.9200950e+02   1.2661770e+01
   9.9249160e+02   1.2302220e+01
   9.9297370e+02   1.1863650e+01
   9.9345580e+02   1.1429990e+01
   9.9393790e+02   1.1257840e+01
   9.9442000e+02   1.3256380e+01
   9.9490220e+02   1.7426700e+01
   9.9538430e+02   2.1159420e+01
   9.9586640e+02   2.3452970e+01
   9.9634850e+02   2.4762020e+01
   9.9683060e+02   2.5040890e+01
   9.9731270e+02   2.4822910e+01
   9.9779490e+02   2.4970340e+01
   9.9827700e+02   2.5444950e+01
   9.9875910e+02   2.6826200e+01
   9.9924120e+02   2.9679050e+01
   9.9972330e+02   3.2551240e+01
   1.0002050e+03   3.3740570e+01
   1.0006880e+03   3.3629790e+01
   1.0011700e+03   3.4284670e+01
   1.0016520e+03   3.5763580e+01
   1.0021340e+03   3.7061220e+01
   1.0026160e+03   3.7295260e+01
   1.0030980e+03   3.7292820e+01
   1.0035800e+03   3.7441440e+01
   1.0040620e+03   3.7777620e+01
   1.0045440e+03   3.8425110e+01
   1.0050270e+03   3.9492220e+01
   1.0055090e+03   4.0590760e+01
   1.0059910e+03   4.1441890e+01
   1.0064730e+03   4.2654820e+01
   1.0069550e+03   4.5616640e+01
   1.0074370e+03   4.9589390e+01
   1.0079190e+03   5.3447970e+01
   1.0084010e+03   5.7476680e+01
   1.0088840e+03   5.9571960e+01
   1.0093660e+03   5.6949370e+01
   1.0098480e+03   5.3924800e+01
   1.0103300e+03   5.3179530e+01
   1.0108120e+03   5.4727290e+01
   1.0112940e+03   5.7361360e+01
   1.0117760e+03   6.1148900e+01
   1.0122580e+03   6.4223210e+01
   1.0127400e+03   6.4697020e+01
   1.0132230e+03   6.4609010e+01
   1.0137050e+03   6.6415920e+01
   1.0141870e+03   6.9205110e+01
   1.0146690e+03   6.9754060e+01
   1.0151510e+03   6.5316650e+01
   1.0156330e+03   6.3054380e+01
   1.0161150e+03   6.4728850e+01
   1.0165970e+03   6.7650630e+01
   1.0170800e+03   6.7720730e+01
   1.0175620e+03   6.5670680e+01
   1.0180440e+03   6.3667270e+01
   1.0185260e+03   6.2050570e+01
   1.0190080e+03   6.0917390e+01
   1.0194900e+03   6.1149960e+01
   1.0199720e+03   6.1107570e+01
   1.0204540e+03   5.9091640e+01
   1.0209360e+03   5.5162480e+01
   1.0214190e+03   5.4179440e+01
   1.0219010e+03   5.6801480e+01
   1.0223830e+03   5.8583860e+01
   1.0228650e+03   5.6854370e+01
   1.0233470e+03   5.3600310e+01
   1.0238290e+03   5.1377410e+01
   1.0243110e+03   5.0114590e+01
   1.0247930e+03   4.9331880e+01
   1.0252760e+03   4.8940920e+01
   1.0257580e+03   4.8340970e+01
   1.0262400e+03   4.7663150e+01
   1.0267220e+03   4.6957820e+01
   1.0272040e+03   4.6138310e+01
   1.0276860e+03   4.5180210e+01
   1.0281680e+03   4.4277400e+01
   1.0286500e+03   4.3422270e+01
   1.0291320e+03   4.1933990e+01
   1.0296150e+03   3.8322080e+01
   1.0300970e+03   3.4621000e+01
   1.0305790e+03   3.1930150e+01
   1.0310610e+03   3.0538600e+01
   1.0315430e+03   3.1120670e+01
   1.0320250e+03   3.4413210e+01
   1.0325070e+03   3.6677000e+01
   1.0329890e+03   3.6844120e+01
   1.0334710e+03   3.5543430e+01
   1.0339540e+03   3.2846250e+01
   1.0344360e+03   3.0119660e+01
   1.0349180e+03   2.9672550e+01
   1.0354000e+03   3.2605260e+01
   1.0358820e+03   3.4345430e+01
   1.0363640e+03   3.3514710e+01
   1.0368460e+03   3.2113980e+01
   1.0373280e+03   3.1043980e+01
   1.0378110e+03   3.0191160e+01
   1.0382930e+03   2.8930760e+01
   1.0387750e+03   2.7340240e+01
   1.0392570e+03   2.6265990e+01
   1.0397390e+03   2.6418580e+01
   1.0402210e+03   2.7024630e+01
   1.0407030e+03   2.8213320e+01
   1.0411850e+03   2.9282650e+01
   1.0416670e+03   2.8732240e+01
   1.0421500e+03   2.5545650e+01
   1.0426320e+03   2.3880890e+01
   1.0431140e+03   2.4255680e+01
   1.0435960e+03   2.5397370e+01
   1.0440780e+03   2.5903990e+01
   1.0445600e+03   2.7361330e+01
   1.0450420e+03   2.7890170e+01
   1.0455240e+03   3.0558650e+01
   1.0460060e+03   3.2980290e+01
   1.0464890e+03   3.4996430e+01
   1.0469710e+03   3.6260070e+01
   1.0474530e+03   3.6463380e+01
   1.0479350e+03   3.5993530e+01
   1.0484170e+03   3.5756040e+01
   1.0488990e+03   3.5784450e+01
   1.0493810e+03   3.6227540e+01
   1.0498630e+03   3.6953030e+01
   1.0503460e+03   3.8672640e+01
   1.0508280e+03   4.2741000e+01
   1.0513100e+03   4.7563690e+01
   1.0517920e+03   5.1375610e+01
   1.0522740e+03   5.3799470e+01
   1.0527560e+03   5.7071410e+01
   1.0532380e+03   6.1142550e+01
   1.0537200e+03   6.6317660e+01
   1.0542030e+03   7.3319240e+01
   1.0546850e+03   8.1162660e+01
   1.0551670e+03   8.8225070e+01
   1.0556490e+03   9.4746000e+01
   1.0561310e+03   1.0138590e+02
   1.0566130e+03   1.0892850e+02
   1.0570950e+03   1.1563380e+02
   1.0575770e+03   1.2080920e+02
   1.0580590e+03   1.2569850e+02
   1.0585420e+03   1.3202810e+02
   1.0590240e+03   1.3947060e+02
   1.0595060e+03   1.4517280e+02
   1.0599880e+03   1.4895710e+02
   1.0604700e+03   1.5458010e+02
   1.0609520e+03   1.6458080e+02
   1.0614340e+03   1.7725710e+02
   1.0619160e+03   1.9147460e+02
   1.0623980e+03   2.0743080e+02
   1.0628810e+03   2.2555880e+02
   1.0633630e+03   2.4548410e+02
   1.0638450e+03   2.7006310e+02
   1.0643270e+03   2.9996730e+02
   1.0648090e+03   3.3433410e+02
   1.0652910e+03   3.7155810e+02
   1.0657730e+03   4.1316710e+02
   1.0662550e+03   4.6383090e+02
   1.0667380e+03   5.2828740e+02
   1.0672200e+03   5.8290800e+02
   1.0677020e+03   6.3248850e+02
   1.0681840e+03   6.5867570e+02
   1.0686660e+03   6.4071170e+02
   1.0691480e+03   5.9717750e+02
   1.0696300e+03   5.7813310e+02
   1.0701120e+03   5.8635590e+02
   1.0705940e+03   6.3094040e+02
   1.0710770e+03   6.9718820e+02
   1.0715590e+03   8.2562900e+02
   1.0720410e+03   1.0062770e+03
   1.0725230e+03   1.2797760e+03
   1.0730050e+03   1.6945970e+03
   1.0734870e+03   2.2515600e+03
   1.0739690e+03   2.9389870e+03
   1.0744510e+03   3.7596830e+03
   1.0749330e+03   4.5240090e+03
   1.0754160e+03   5.0885510e+03
   1.0758980e+03   5.5345200e+03
   1.0763800e+03   5.8820800e+03
   1.0768620e+03   6.1613390e+03
   1.0773440e+03   6.4700240e+03
   1.0778260e+03   6.8105070e+03
   1.0783080e+03   7.1956240e+03
   1.0787900e+03   7.6197520e+03
   1.0792730e+03   8.0970740e+03
   1.0797550e+03   8.6281610e+03
   1.0802370e+03   9.2211880e+03
   1.0807190e+03   9.8698500e+03
   1.0812010e+03   1.0562380e+04
   1.0816830e+03   1.1457580e+04
   1.0821650e+03   1.2479480e+04
   1.0826470e+03   1.3893730e+04
   1.0831290e+03   1.5735650e+04
   1.0836120e+03   1.8073620e+04
   1.0840940e+03   2.1210400e+04
   1.0845760e+03   2.5104350e+04
   1.0850580e+03   2.9597690e+04
   1.0855400e+03   3.4709070e+04
   1.0860220e+03   4.0237710e+04
   1.0865040e+03   4.8688450e+04
   1.0869860e+03   5.5665410e+04
   1.0874690e+03   5.7289580e+04
   1.0879510e+03   5.3320700e+04
   1.0884330e+03   4.5730220e+04
   1.0889150e+03   3.4228970e+04
   1.0893970e+03   2.3341550e+04
   1.0898790e+03   1.5726270e+04
   1.0903610e+03   1.0390900e+04
   1.0908430e+03   6.8911470e+03
   1.0913250e+03   4.8269170e+03
   1.0918070e+03   3.3862040e+03
   1.0922900e+03   2.6432220e+03
   1.0927720e+03   2.0768230e+03
   1.0932540e+03   1.6836330e+03
   1.0937360e+03   1.4009830e+03
   1.0942180e+03   1.1848090e+03
   1.0947000e+03   1.0216190e+03
   1.0951820e+03   8.9016880e+02
   1.0956640e+03   7.8692880e+02
   1.0961470e+03   6.9840360e+02
   1.0966290e+03   6.2299480e+02
   1.0971110e+03   5.5780330e+02
   1.0975930e+03   5.0249150e+02
   1.0980750e+03   4.5540490e+02
   1.0985570e+03   4.1477040e+02
   1.0990390e+03   3.8020150e+02
   1.0995210e+03   3.4968560e+02
   1.1000040e+03   3.2322330e+02
   1.1004860e+03   2.9979900e+02
   1.1009680e+03   2.8055690e+02
   1.1014500e+03   2.6300620e+02
   1.1019320e+03   2.4565540e+02
   1.1024140e+03   2.2851840e+02
   1.1028960e+03   2.1245030e+02
   1.1033780e+03   1.9747500e+02
   1.1038600e+03   1.8440160e+02
   1.1043430e+03   1.7433060e+02
   1.1048250e+03   1.6511570e+02
   1.1053070e+03   1.5400190e+02
   1.1057890e+03   1.4256970e+02
   1.1062710e+03   1.3273280e+02
   1.1067530e+03   1.2521390e+02
   1.1072350e+03   1.1769710e+02
   1.1077170e+03   1.1009910e+02
   1.1081990e+03   1.0275240e+02
   1.1086820e+03   9.5491970e+01
   1.1091640e+03   8.8924220e+01
   1.1096460e+03   8.4034670e+01
   1.1101280e+03   8.0515810e+01
   1.1106100e+03   7.7748810e+01
   1.1110920e+03   7.7034940e+01
   1.1115740e+03   7.4675080e+01
   1.1120560e+03   6.9797330e+01
   1.1125390e+03   6.4662290e+01
   1.1130210e+03   6.1228450e+01
   1.1135030e+03   5.9010860e+01
   1.1139850e+03   5.6186800e+01
   1.1144670e+03   5.2787510e+01
   1.1149490e+03   4.9290440e+01
   1.1154310e+03   4.5359130e+01
   1.1159130e+03   4.2222410e+01
   1.1163960e+03   4.0744050e+01
   1.1168780e+03   3.9998840e+01
   1.1173600e+03   3.8144780e+01
   1.1178420e+03   3.5325780e+01
   1.1183240e+03   3.4575230e+01
   1.1188060e+03   3.6432190e+01
   1.1192880e+03   3.7237090e+01
   1.1197700e+03   3.2564580e+01
   1.1202520e+03   2.7263280e+01
   1.1207340e+03   2.5116000e+01
   1.1212170e+03   2.5519620e+01
   1.1216990e+03   2.5120940e+01
   1.1221810e+03   2.3894170e+01
   1.1226630e+03   2.2065220e+01
   1.1231450e+03   1.9415280e+01
   1.1236270e+03   1.7350800e+01
   1.1241090e+03   1.8351720e+01
   1.1245910e+03   2.0264920e+01
   1.1250740e+03   2.0570250e+01
   1.1255560e+03   1.8604060e+01
   1.1260380e+03   1.7047390e+01
   1.1265200e+03   1.5944730e+01
   1.1270020e+03   1.5306950e+01
   1.1274840e+03   1.5371310e+01
   1.1279660e+03   1.5516940e+01
   1.1284480e+03   1.3468440e+01
   1.1289310e+03   1.0766880e+01
   1.1294130e+03   1.0420230e+01
   1.1298950e+03   1.5250610e+01
   1.1303770e+03   1.7491240e+01
   1.1308590e+03   1.5702790e+01
   1.1313410e+03   1.2811430e+01
   1.1318230e+03   1.0378450e+01
   1.1323050e+03   8.4015200e+00
   1.1327870e+03   6.8480220e+00
   1.1332700e+03   5.7457890e+00
   1.1337520e+03   5.1713260e+00
   1.1342340e+03   5.9450680e+00
   1.1347160e+03   6.1590270e+00
   1.1351980e+03   4.8996890e+00
   1.1356800e+03   3.3788760e+00
   1.1361620e+03   3.0582890e+00
   1.1366440e+03   3.7099910e+00
   1.1371260e+03   2.6332700e+00
   1.1376090e+03   7.6290001e-03
   1.1380910e+03   1.7641600e+00
   1.1385730e+03   7.4371003e-02
   1.1390550e+03   1.4763180e+00
   1.1395370e+03   5.8178700e-01
   1.1400190e+03   1.3446350e+00
   1.1405010e+03   2.1116030e+00
   1.1409830e+03   1.7128600e+00
   1.1414660e+03   1.6276550e+00
   1.1419480e+03   1.9870610e+00
   1.1424300e+03   2.1741640e+00
   1.1429120e+03   1.1573180e+00
   1.1433940e+03   2.5680500e-01
   1.1438760e+03   7.1987900e-01
   1.1443580e+03   2.2154540e+00
   1.1448400e+03   3.1284480e+00
   1.1453230e+03   3.3865970e+00
   1.1458050e+03   3.4918210e+00
   1.1462870e+03   3.6037290e+00
   1.1467690e+03   3.3658450e+00
   1.1472510e+03   8.7860100e-01
   1.1477330e+03   1.2084350e+00
   1.1482150e+03   1.1461790e+00
   1.1486970e+03   8.3427430e+00
   1.1491790e+03   1.0575410e+01
   1.1496610e+03   6.2719730e+00
   1.1501440e+03   2.2681880e+00
   1.1506260e+03   5.2160600e-01
   1.1511080e+03   4.4671600e-01
   1.1515900e+03   2.4568790e+00
   1.1520720e+03   5.0659480e+00
   1.1525540e+03   5.9721680e+00
   1.1530360e+03   4.3158260e+00
   1.1535180e+03   3.2408750e+00
   1.1540010e+03   3.1813960e+00
   1.1544830e+03   3.1028440e+00
   1.1549650e+03   2.4930110e+00
   1.1554470e+03   1.6221920e+00
   1.1559290e+03   9.6722400e-01
   1.1564110e+03   5.0250200e-01
   1.1568930e+03   1.2997400e-01
   1.1573750e+03   4.0139800e-01
   1.1578580e+03   2.6785300e-01
   1.1583400e+03   8.6694300e-01
   1.1588220e+03   2.1593020e+00
   1.1593040e+03   3.4333500e+00
   1.1597860e+03   4.3285830e+00
   1.1602680e+03   3.1117550e+00
   1.1607500e+03   4.6243300e-01
   1.1612320e+03   1.3904720e+00
   1.1617140e+03   7.4288900e-01
   1.1621970e+03   3.4396400e-01
   1.1626790e+03   9.0051300e-01
   1.1631610e+03   1.6850890e+00
   1.1636430e+03   2.2597350e+00
   1.1641250e+03   2.5463560e+00
   1.1646070e+03   2.0043030e+00
   1.1650890e+03   7.2033700e-01
   1.1655710e+03   8.0514500e-01
   1.1660530e+03   4.0710450e+00
   1.1665360e+03   5.2756960e+00
   1.1670180e+03   1.5206600e+00
   1.1675000e+03   3.5467830e+00
   1.1679820e+03   6.1598820e+00
   1.1684640e+03   6.4401550e+00
   1.1689460e+03   4.6394040e+00
   1.1694280e+03   9.6099900e-01
   1.1699100e+03   1.5974120e+00
   1.1703930e+03   3.0210000e-03
   1.1708750e+03   2.0493770e+00
   1.1713570e+03   2.4086610e+00
   1.1718390e+03   2.2072750e+00
   1.1723210e+03   3.6483460e+00
   1.1728030e+03   6.6248170e+00
   1.1732850e+03   7.8934940e+00
   1.1737670e+03   7.0511780e+00
   1.1742500e+03   6.0737610e+00
   1.1747320e+03   6.5513310e+00
   1.1752140e+03   7.2007750e+00
   1.1756960e+03   7.2391660e+00
   1.1761780e+03   6.7979430e+00
   1.1766600e+03   6.1319580e+00
   1.1771420e+03   5.2392580e+00
   1.1776240e+03   4.4150390e+00
   1.1781060e+03   3.6697390e+00
   1.1785890e+03   3.5054020e+00
   1.1790710e+03   5.2223820e+00
   1.1795530e+03   6.9652400e+00
   1.1800350e+03   6.9558720e+00
   1.1805170e+03   5.5873110e+00
   1.1809990e+03   5.1108700e+00
   1.1814810e+03   5.6094360e+00
   1.1819630e+03   5.6120300e+00
   1.1824450e+03   4.5867000e+00
   1.1829280e+03   3.7503970e+00
   1.1834100e+03   4.7614140e+00
   1.1838920e+03   6.1864620e+00
   1.1843740e+03   6.1302800e+00
   1.1848560e+03   7.7285460e+00
   1.1853380e+03   5.7216800e+00
   1.1858200e+03   9.6698910e+00
   1.1863020e+03   1.2494840e+01
   1.1867850e+03   1.2606230e+01
   1.1872670e+03   1.1933960e+01
   1.1877490e+03   1.2335660e+01
   1.1882310e+03   1.3161770e+01
   1.1887130e+03   1.3742550e+01
   1.1891950e+03   1.4028900e+01
   1.1896770e+03   1.3825320e+01
   1.1901590e+03   1.3060420e+01
   1.1906410e+03   1.2330570e+01
   1.1911240e+03   1.1904750e+01
   1.1916060e+03   1.1552800e+01
   1.1920880e+03   1.0441250e+01
   1.1925700e+03   9.5251770e+00
   1.1930520e+03   1.0478180e+01
   1.1935340e+03   1.4246090e+01
   1.1940160e+03   1.5154110e+01
   1.1944980e+03   1.2741240e+01
   1.1949800e+03   1.0280270e+01
   1.1954630e+03   9.3713990e+00
   1.1959450e+03   9.3326110e+00
   1.1964270e+03   9.8331300e+00
   1.1969090e+03   1.0516140e+01
   1.1973910e+03   1.0743870e+01
   1.1978730e+03   9.9141240e+00
   1.1983550e+03   1.0702330e+01
   1.1988370e+03   1.3544710e+01
   1.1993200e+03   1.5791600e+01
   1.1998020e+03   1.5134920e+01
   1.2002840e+03   1.3676030e+01
   1.2007660e+03   1.4486630e+01
   1.2012480e+03   1.6224060e+01
   1.2017300e+03   1.6335210e+01
   1.2022120e+03   1.3340610e+01
   1.2026940e+03   1.1404820e+01
   1.2031770e+03   1.0536650e+01
   1.2036590e+03   1.0749270e+01
   1.2041410e+03   1.2868800e+01
   1.2046230e+03   1.5420530e+01
   1.2051050e+03   1.6813750e+01
   1.2055870e+03   1.7228880e+01
   1.2060690e+03   1.7076080e+01
   1.2065510e+03   1.5856660e+01
   1.2070330e+03   1.4680150e+01
   1.2075160e+03   1.4036770e+01
   1.2079980e+03   1.3333130e+01
   1.2084800e+03   1.1400630e+01
   1.2089620e+03   9.4051510e+00
   1.2094440e+03   8.8641970e+00
   1.2099260e+03   9.3575440e+00
   1.2104080e+03   1.0062130e+01
   1.2108900e+03   1.1451320e+01
   1.2113720e+03   1.1726070e+01
   1.2118540e+03   1.0535220e+01
   1.2123370e+03   9.2185360e+00
   1.2128190e+03   8.8111880e+00
   1.2133010e+03   9.0388790e+00
   1.2137830e+03   9.9174800e+00
   1.2142650e+03   1.1150120e+01
   1.2147470e+03   1.1835780e+01
   1.2152290e+03   1.1934330e+01
   1.2157110e+03   1.1391450e+01
   1.2161940e+03   1.0020510e+01
   1.2166760e+03   8.7300720e+00
   1.2171580e+03   8.7323000e+00
   1.2176400e+03   9.0356450e+00
   1.2181220e+03   8.3970950e+00
   1.2186040e+03   8.7268070e+00
   1.2190860e+03   9.1145630e+00
   1.2195680e+03   8.8371280e+00
   1.2200510e+03   9.6550290e+00
   1.2205330e+03   9.4581910e+00
   1.2210150e+03   9.1371460e+00
   1.2214970e+03   9.4932560e+00
   1.2219790e+03   1.0142520e+01
   1.2224610e+03   1.0749450e+01
   1.2229430e+03   1.1250610e+01
   1.2234250e+03   1.1715120e+01
   1.2239070e+03   1.2221920e+01
   1.2243900e+03   1.1828340e+01
   1.2248720e+03   1.0665410e+01
   1.2253540e+03   9.1513670e+00
   1.2258360e+03   6.3513490e+00
   1.2263180e+03   4.0198970e+00
   1.2268000e+03   4.3728940e+00
   1.2272820e+03   6.7439270e+00
   1.2277640e+03   7.6305240e+00
   1.2282460e+03   6.8679500e+00
   1.2287290e+03   7.5683290e+00
   1.2292110e+03   1.0301390e+01
   1.2296930e+03   1.2837950e+01
   1.2301750e+03   1.3434720e+01
   1.2306570e+03   1.2795560e+01
   1.2311390e+03   1.0627260e+01
   1.2316210e+03   7.6564940e+00
   1.2321030e+03   6.7542110e+00
   1.2325860e+03   8.1828610e+00
   1.2330680e+03   9.8260800e+00
   1.2335500e+03   1.1458830e+01
   1.2340320e+03   1.2233120e+01
   1.2345140e+03   1.0422210e+01
   1.2349960e+03   8.2775880e+00
   1.2354780e+03   7.7080990e+00
   1.2359600e+03   8.3792420e+00
   1.2364430e+03   9.2182010e+00
   1.2369250e+03   1.0332370e+01
   1.2374070e+03   1.0050510e+01
   1.2378890e+03   7.8789060e+00
   1.2383710e+03   5.8301390e+00
   1.2388530e+03   5.9550780e+00
   1.2393350e+03   6.5227970e+00
   1.2398170e+03   6.3556820e+00
   1.2402990e+03   5.5631710e+00
   1.2407810e+03   4.1033630e+00
   1.2412640e+03   2.1764830e+00
   1.2417460e+03   2.3833620e+00
   1.2422280e+03   5.3752440e+00
   1.2427100e+03   8.1870420e+00
   1.2431920e+03   8.3955990e+00
   1.2436740e+03   8.0358580e+00
   1.2441560e+03   8.2040710e+00
   1.2446380e+03   7.7068480e+00
   1.2451210e+03   7.9990840e+00
   1.2456030e+03   6.6734620e+00
   1.2460850e+03   5.6734310e+00
   1.2465670e+03   5.2176210e+00
   1.2470490e+03   4.9929500e+00
   1.2475310e+03   4.9302980e+00
   1.2480130e+03   4.9051510e+00
   1.2484950e+03   4.7501830e+00
   1.2489780e+03   4.6535340e+00
   1.2494600e+03   5.3843080e+00
   1.2499420e+03   6.7884520e+00
   1.2504240e+03   7.8137210e+00
   1.2509060e+03   8.2733460e+00
   1.2513880e+03   8.1006770e+00
   1.2518700e+03   5.7731630e+00
   1.2523520e+03   4.7265010e+00
   1.2528340e+03   6.7316890e+00
   1.2533170e+03   9.8899230e+00
   1.2537990e+03   9.9378050e+00
   1.2542810e+03   7.8786930e+00
   1.2547630e+03   6.3736570e+00
   1.2552450e+03   6.0081480e+00
   1.2557270e+03   5.9014890e+00
   1.2562090e+03   5.7932430e+00
   1.2566910e+03   5.9919740e+00
   1.2571730e+03   6.7915650e+00
   1.2576560e+03   7.4645390e+00
   1.2581380e+03   6.6027530e+00
   1.2586200e+03   5.0339360e+00
   1.2591020e+03   3.9996340e+00
   1.2595840e+03   3.6960450e+00
   1.2600660e+03   4.6149290e+00
   1.2605480e+03   7.7627260e+00
   1.2610300e+03   9.5886840e+00
   1.2615130e+03   8.9352420e+00
   1.2619950e+03   7.0046080e+00
   1.2624770e+03   4.6399230e+00
   1.2629590e+03   2.4831540e+00
   1.2634410e+03   1.5224000e+00
   1.2639230e+03   1.9097600e+00
   1.2644050e+03   2.5739140e+00
   1.2648870e+03   3.5593260e+00
   1.2653700e+03   4.4172670e+00
   1.2658520e+03   5.0593260e+00
   1.2663340e+03   5.1849980e+00
   1.2668160e+03   4.4703980e+00
   1.2672980e+03   3.4806210e+00
   1.2677800e+03   3.0224610e+00
   1.2682620e+03   3.0819090e+00
   1.2687440e+03   2.6809390e+00
   1.2692260e+03   1.7309570e+00
   1.2697080e+03   9.1445900e-01
   1.2701910e+03   1.8176300e-01
   1.2706730e+03   6.4309700e-01
   1.2711550e+03   5.7689820e+00
   1.2716370e+03   1.0484130e+01
   1.2721190e+03   8.9622190e+00
   1.2726010e+03   3.2533260e+00
   1.2730830e+03   1.4116520e+00
   1.2735650e+03   3.1726380e+00
   1.2740480e+03   4.0518490e+00
   1.2745300e+03   3.0791930e+00
   1.2750120e+03   1.8237920e+00
   1.2754940e+03   9.5547500e-01
   1.2759760e+03   7.2689800e-01
   1.2764580e+03   1.4363100e+00
   1.2769400e+03   2.6820980e+00
   1.2774220e+03   3.3886110e+00
   1.2779050e+03   3.7246700e+00
   1.2783870e+03   4.6204530e+00
   1.2788690e+03   6.2793580e+00
   1.2793510e+03   7.5190430e+00
   1.2798330e+03   7.3032840e+00
   1.2803150e+03   7.1406860e+00
   1.2807970e+03   7.7777400e+00
   1.2812790e+03   8.4442440e+00
   1.2817610e+03   7.0485230e+00
   1.2822440e+03   4.6874690e+00
   1.2827260e+03   4.6198730e+00
   1.2832080e+03   7.2464600e+00
   1.2836900e+03   8.4856260e+00
   1.2841720e+03   5.7769780e+00
   1.2846540e+03   4.1457210e+00
   1.2851360e+03   5.0831600e+00
   1.2856180e+03   6.7865910e+00
   1.2861000e+03   6.7824710e+00
   1.2865830e+03   5.8181460e+00
   1.2870650e+03   5.1084290e+00
   1.2875470e+03   4.6940920e+00
   1.2880290e+03   3.3607480e+00
   1.2885110e+03   5.2813700e-01
   1.2889930e+03   8.9077800e-01
   1.2894750e+03   2.4050900e-01
   1.2899570e+03   1.2319640e+00
   1.2904400e+03   2.7568360e+00
   1.2909220e+03   3.8989560e+00
   1.2914040e+03   4.2416990e+00
   1.2918860e+03   3.7613530e+00
   1.2923680e+03   2.4547420e+00
   1.2928500e+03   5.5298001e-02
   1.2933320e+03   2.3327600e-01
   1.2938140e+03   2.2022710e+00
   1.2942970e+03   4.6079410e+00
   1.2947790e+03   4.0838320e+00
   1.2952610e+03   3.4463500e+00
   1.2957430e+03   5.6606750e+00
   1.2962250e+03   4.3421330e+00
   1.2967070e+03   7.7873540e+00
   1.2971890e+03   3.6690670e+00
   1.2976710e+03   9.9288900e-01
   1.2981530e+03   6.8063400e-01
   1.2986350e+03   1.6157530e+00
   1.2991180e+03   5.5143430e+00
   1.2996000e+03   7.4728090e+00
   1.3000820e+03   5.1093750e+00
   1.3005640e+03   1.4945370e+00
   1.3010460e+03   1.0773930e+00
   1.3015280e+03   2.9114380e+00
   1.3020100e+03   4.6277470e+00
   1.3024920e+03   5.9234010e+00
   1.3029750e+03   6.2620850e+00
   1.3034570e+03   4.8899230e+00
   1.3039390e+03   3.2420960e+00
   1.3044210e+03   1.2820130e+00
   1.3049030e+03   2.1149000e-02
   1.3053850e+03   0.0000000e+00
   1.5000000e+03   0.0000000e+00
